2787
8835
1003
4217
9443
1167
2747
8253
8369
8458
1323
2858
2043
6901
9305
1655
9721
5441
1811
5437
5088
1988
5833
5871
9492
9719
8983
7604
8414
1425
1115
68
7171
189
1989
6676
7145
6101
5579
439
2251
4849
8129
7598
8649
5928
5239
8860
85
6925
6688
7429
4099
4464
7801
6983
1854
913
6222
7183
1970
7278
9122
7131
6902
365
5666
4405
5639
9542
2740
6283
6111
5065
2903
8611
6043
3584
9980
8691
1409
3245
8881
2087
88
8410
2936
6678
6183
9059
6979
8743
8370
394
4743
7487
4817
8835
1312
5446
2755
484
6373
6355
8999
5664
5544
899
131
476
1144
6397
8606
285
3886
7683
9672
1174
1675
8762
9507
3936
7140
3712
7338
3231
8318
8054
45
8811
2779
5542
3143
3450
641
4148
9907
3188
4860
9614
5954
4072
7287
2102
1462
9761
8385
6450
2314
1238
7826
3519
4485
8512
9539
3346
6406
3860
7330
9818
2395
8740
9561
4372
209
3779
3709
2877
7368
5726
2051
9364
462
4533
8845
3219
2481
3028
1330
8933
4951
9502
1670
5723
5873
3407
5811
8312
7607
9511
6078
5017
6078
4628
6086
7601
400
8857
9337
8112
3135
5345
9443
4792
2907
5662
8678
5167
3616
6349
5287
2768
4337
2455
8361
7386
4514
1123
5761
3234
360
213
1489
2786
7069
6503
2902
4668
344
4503
9707
1326
1651
5441
5690
2673
6210
4406
4283
7155
842
7152
4285
8623
8382
2111
1760
9407
4996
161
2532
5521
8375
9705
7558
9416
2740
8618
3781
6170
7028
5736
8497
2879
7085
4363
5793
6678
9095
131
7704
6633
7556
9066
1922
1433
1049
3406
8782
8547
8982
5875
9108
7845
5499
9931
8264
6225
6349
6164
7912
5840
1919
6346
8611
4225
9765
400
4917
624
8015
9959
1957
7372
4122
4277
289
1159
4631
6894
5170
8736
3824
5328
2253
6238
2866
8101
4654
448
149
2597
1350
6359
4914
4439
8931
6592
2033
6637
408
6148
6867
6004
2519
2049
625
7098
3
2312
7888
5371
164
7381
4161
770
6717
8722
1554
7765
1873
474
3609
9345
9922
659
6349
5464
3694
6488
6498
5833
7297
4809
1774
1069
7381
4348
4218
5825
2940
4532
5988
6079
990
2864
7414
7188
3358
2086
2886
9758
5966
9014
4335
5539
1939
9248
9181
7833
3153
6891
7083
4643
7218
8035
5745
5172
3520
9996
9837
8726
4323
4313
4591
2169
4710
2867
3825
1824
1883
1696
7173
162
771
6489
1216
5980
9457
6452
627
9635
5840
3021
6219
4397
1029
9565
8738
3495
9782
4560
4658
6287
7809
7447
4259
995
3754
1071
4508
2608
6753
6309
6084
4385
1913
4668
9951
2358
7567
3597
3530
8298
4963
9370
3511
9230
4951
6410
8537
6101
9431
3255
1429
5754
9541
4118
705
1521
5796
1777
1140
8936
158
8096
5366
3971
3799
2054
7937
4509
6594
2534
2245
1040
3157
1661
2500
6583
1858
7617
3567
655
5758
8640
8148
1774
9143
1461
3910
4901
6151
111
5452
3245
6353
9206
9457
8994
8178
8420
7419
2342
8609
3978
6050
1853
4144
7852
9414
6476
3987
1294
6675
1292
1958
1051
4041
234
8796
5504
2588
3150
8007
8069
7609
8026
652
8179
3259
1563
3597
3190
6386
8228
8866
1506
4427
2724
5159
8889
6934
1354
6726
2837
7631
6214
4771
4274
5967
5396
9798
3183
1431
710
3436
9196
7845
5587
4717
2466
1548
1211
8957
7094
7470
268
9446
8818
8427
9100
5222
9277
8947
6589
1357
1182
8302
200
9584
4946
9664
9541
6636
7536
7227
7320
2229
5554
7557
47
3554
1017
6088
2940
7090
6171
3085
3521
284
6971
8158
7237
6239
382
66
5365
5758
8940
7757
4485
1296
4443
1095
2346
4857
4264
4395
3910
8904
3833
119
2533
8920
1623
3236
6219
3156
2115
4455
146
2241
5568
2635
6477
4326
5293
3092
6274
7876
6422
4479
9459
8693
2028
5070
2140
5127
5905
5417
527
449
2292
7887
8202
6475
7212
1295
9000
9414
1195
1458
2071
7867
6909
2199
1264
4502
2544
3175
662
9753
2518
5491
4840
1140
8108
3731
3151
2692
8117
125
1183
9970
9959
1909
3353
1371
2783
2053
7643
6914
4840
7081
7814
5655
9719
1996
4394
4087
8419
1097
325
5281
9469
1424
6730
9085
554
1312
4643
8551
8713
6633
8176
7999
4212
7466
8495
7468
1076
1803
2356
6141
1879
5750
5631
4581
3204
4375
6722
9378
7015
2732
7839
4863
1067
2008
7647
71
3233
9242
8095
7167
9171
3111
2255
1780
7670
9007
1366
2634
1840
1438
1782
4923
8059
815
7876
3957
2057
5625
557
7257
1558
1222
5923
9253
212
7520
535
6347
330
1245
2484
812
4863
2505
6512
9496
6695
1902
9631
919
2564
2080
3957
5582
629
3817
252
6029
616
5731
6198
8201
6958
4971
3125
512
326
7364
6109
9168
9572
7058
9177
4286
8583
3283
2091
7106
6857
4496
5991
3804
2916
707
1895
8708
3278
1877
1842
3572
1755
6443
2134
4695
6413
8552
3557
6647
3445
9553
2375
8857
8909
5186
1135
6431
7518
5242
6663
7855
4946
3723
17
1191
9528
4261
4338
21
2753
9884
9056
5222
2110
2431
5930
3036
1269
9556
3316
7340
9865
6742
3770
3768
590
9673
880
5945
6736
7861
7132
1120
5488
6031
9598
1750
9765
313
8163
634
6286
6041
384
4652
6439
3474
1591
552
9892
1222
3514
6088
2943
3254
8320
6532
7384
8998
2356
3125
1738
3222
6506
6084
8814
4447
4762
4026
7872
6137
6211
3210
700
3635
3541
1371
68
4390
2183
2552
3916
8753
161
5870
5645
8539
4571
6364
4112
1982
2581
6274
1304
5730
8745
8040
5748
4511
5495
8351
7862
1228
3261
2508
3091
6574
201
6214
2669
4305
6161
9677
8697
5625
3083
1100
8690
3313
1054
4498
5075
7265
3918
7051
8707
2445
1976
4105
8636
7146
1143
8965
4084
7300
9800
6579
3863
1489
2021
3694
3715
8744
8251
1974
8654
6630
1686
9531
6632
5101
5928
6683
1963
3744
8977
1517
9938
6436
8050
8522
140
8336
3510
8133
9428
1534
8376
7754
5303
6457
1553
8516
1894
6718
3202
3614
6162
6530
641
1008
2883
6176
3588
1783
3141
3412
5991
9128
5336
1869
2219
3282
6024
8536
3784
4901
4908
2473
930
4405
2875
5997
1496
5474
5224
6246
528
4224
5687
2890
7671
779
6076
9613
108
7441
9347
5813
3886
250
588
4683
2536
7716
7966
1580
420
8406
7907
4466
4539
6219
9560
2425
4609
593
8565
3500
8435
3407
806
4908
3262
6336
7744
5524
3125
9464
2682
8512
9261
9695
5514
5220
4104
6417
8412
8687
52
2410
1277
7783
2636
7593
869
8882
8662
4157
9600
8193
5901
833
2831
7111
3626
1592
6423
1758
6707
5635
6129
6549
2806
870
1394
1603
9358
4999
6025
9614
7317
4908
4542
1137
8969
9969
7232
9276
2515
315
6953
5292
7148
3053
744
1033
3182
1059
233
3178
9630
9072
6351
4478
8494
8096
3296
5314
1110
8103
7325
4017
561
1042
2665
6962
1754
6954
4077
9851
2573
7481
1408
6364
564
2575
9272
3535
9459
8189
5296
2872
3239
4879
5220
133
174
8792
7974
3492
6673
9620
4270
7446
3673
4213
5344
1691
4521
6616
3154
8610
3631
4912
9299
7130
2004
9368
1389
7268
2410
8804
1963
6479
4197
2275
6352
4295
1777
9432
4000
8187
7636
3953
7367
5094
252
8012
6896
4525
4463
5488
3740
4012
5862
4365
2462
91
8087
8877
7793
4022
4411
4244
9044
3113
1924
9179
9073
4775
6577
8980
5293
3134
1835
2893
453
9742
1239
3430
6694
4919
269
7180
5084
6437
2899
4463
8206
1257
4112
1286
953
3773
119
7386
3295
7397
2313
213
4319
5479
6466
4005
9
7288
8846
1877
240
3684
6130
1302
7847
6770
6050
1049
8221
3575
3322
3736
9983
2349
8746
7190
1061
6053
8938
6353
2968
9984
5843
1438
6220
1558
1260
7190
5595
9647
3994
2670
9276
8115
3267
5540
2104
4421
4884
8965
3345
1387
6333
6643
4971
8104
9338
4422
2412
5281
2121
6286
6631
2947
5219
9099
8778
4497
2388
9332
6327
6145
6391
3470
7388
4639
9555
4522
5129
8803
9453
1545
7103
6675
7351
1214
7480
8901
3915
319
3528
5660
7005
390
1589
1008
1197
3106
3736
7430
524
1930
5157
282
3871
7922
9378
2592
8419
611
1903
5091
3652
4127
6255
875
1259
5406
4052
5963
3369
9186
9143
8202
1570
8355
3526
6928
6180
7005
640
4789
7462
4920
6320
8872
6198
780
6826
919
5088
2714
6584
4136
8098
3575
3461
738
2680
1229
5500
7704
5198
6436
2562
9108
8159
2671
5514
5863
4190
2766
825
5313
2753
660
415
2523
8476
4003
3107
628
5216
6195
3698
239
9687
2738
5859
5355
4835
5083
8098
2690
4533
9685
649
5533
8983
3723
5255
2847
1720
7067
6312
4433
9804
7997
1414
5585
1121
654
3647
8922
9759
6115
1791
2368
6111
626
5171
6048
9425
2492
2362
7630
1741
3953
1182
8245
3909
1877
7529
5571
5813
2397
1554
8981
7515
6872
7320
9792
2410
1009
8346
548
7426
8814
4425
1803
5497
7572
6119
6071
6852
1417
3038
1777
8464
3398
9581
1654
208
8640
5517
1204
2299
2051
4004
9589
367
1377
2897
100
7603
8178
3665
7381
7974
1945
7092
5598
751
5480
9836
1685
4359
1867
4630
7333
5037
7492
4423
6779
1133
3015
1855
9155
6025
9757
969
1987
4111
214
2044
3949
713
7055
6767
721
7185
653
9772
6702
6395
1472
4410
2160
6289
8163
9025
2782
4628
7112
3252
1016
9839
8895
8384
6964
4734
7397
7448
3873
348
7752
5147
5607
4973
3948
2240
7068
9315
6195
8698
4955
7269
9158
1646
5536
1534
1988
2147
1484
2669
8566
382
7358
5417
4702
1600
7029
1570
1246
8797
9822
4084
3523
7326
2776
2061
975
4749
1115
5175
3892
3026
7100
4552
8242
8503
529
6816
2497
440
453
3330
9845
272
5891
6017
4490
9635
786
6317
183
943
9920
5093
8346
5853
3148
6626
5654
7103
7398
4477
2025
4179
8485
1866
2761
5316
2461
6076
4351
7443
8620
7249
7393
9009
659
7260
1847
8825
717
839
942
2241
3598
2952
183
4442
8075
1328
8885
859
3621
5931
20
8466
1784
8835
2632
6680
5727
3076
5071
8215
3364
290
9188
677
35
6432
8981
8617
5008
6306
368
9947
2766
6089
9278
7759
4750
4642
136
330
3582
5363
8983
7294
2301
6998
661
8642
7505
5063
4575
4784
4497
3448
319
1008
8327
7800
7705
8775
1943
6467
711
3595
3379
403
2233
1720
2183
1514
6065
1807
3919
6564
1284
4407
6752
6242
5692
1549
9944
2965
4175
6789
138
7724
5397
1867
7132
1705
2585
5321
4396
6760
9882
716
5920
9312
8614
5467
2527
9767
7241
1369
8128
9964
2972
3541
2322
9741
4643
9632
8838
9763
1223
5862
8730
6466
4624
6944
7704
256
1789
8529
5948
3264
591
7314
3219
7046
1843
8683
7515
3025
4627
979
4716
9998
4137
3398
2094
5022
7530
7162
2317
751
1930
669
9670
9541
304
220
3290
2984
4324
164
6113
4168
1679
9133
7494
6431
3911
558
6648
2881
1946
6511
1390
8556
9353
804
8184
5121
4604
2231
6996
215
3925
1079
8270
2183
4991
3068
7043
8707
4528
702
6125
8605
8756
9994
7539
7063
4283
3111
596
6085
6223
7620
8207
3119
3304
5718
9664
4336
1025
5304
2578
7310
4227
3496
5757
879
9633
7030
7027
7799
8234
1562
9148
9278
5251
8675
4540
4638
9422
4156
1751
3395
9269
6520
381
4542
8843
6269
5916
5986
2080
4872
4573
6837
6362
6374
6460
802
3580
193
4381
4053
9650
8629
2324
6134
2634
9617
3546
624
2809
5221
908
6271
2754
1165
321
6028
9686
8409
1153
6136
6101
9474
90
8257
5503
6792
2361
3170
7331
779
7901
5637
3582
5766
5544
8721
3846
9332
3826
9793
2178
4893
164
9052
3973
9165
5954
7099
3146
2758
2959
8875
9486
2873
3643
5020
7615
3211
4571
7529
182
6210
8551
490
2184
5863
3010
5225
2529
3923
9329
7415
68
8675
8385
4119
6443
5557
5486
526
7147
409
2034
9792
936
3402
4835
6136
8002
4058
9433
6365
7562
8452
5714
9318
7476
3336
2925
5206
1387
4846
3699
2020
83
1969
2276
8164
8978
5932
1310
1497
8229
7832
2904
863
7834
7557
9146
8593
6216
3472
6028
5577
5571
5852
2729
7357
9732
2892
3071
4034
793
8401
8241
4774
8798
6864
5988
4605
2834
5037
7782
5983
2861
3381
3346
1529
4779
3934
1491
8621
9067
2481
5625
8753
677
1230
5333
6706
220
7462
9157
4305
5170
3043
2883
185
8291
9358
5697
8351
2518
9418
2954
9258
5934
4201
143
1648
3917
9390
4658
3849
7690
8454
9046
207
6793
1659
5353
5045
3071
5455
7876
6309
4698
8652
9712
6837
1760
9115
5637
8108
8345
887
2386
6593
4411
227
2281
1330
3160
9096
6847
3831
645
420
1578
7567
4934
722
8022
2939
8114
6555
74
7978
714
4363
5395
7593
5964
4959
4241
1882
6592
6783
2705
3023
9525
6287
8176
3515
7318
8131
4419
266
2542
212
8819
4111
7823
4959
4510
4254
2317
3152
8179
528
9940
1252
6788
4773
3765
7566
6959
4835
9239
5044
6737
4641
1688
8563
2899
248
1038
5134
7009
8014
8846
8223
6764
9972
2531
2085
2706
7134
1057
2077
2657
5829
865
2742
8528
9523
8121
9259
749
2736
5748
553
2155
1364
2066
5427
4840
5140
4394
497
2090
5052
7260
4773
3393
5256
5042
9245
3894
2544
6791
9153
298
2482
5517
7582
6838
2582
8802
4158
7400
9457
994
7355
7611
230
2949
1629
9711
1707
5942
5528
5668
262
1263
4564
6627
1247
8786
4701
1742
5042
8458
6366
5786
4993
8255
209
3748
2259
4782
3958
5131
5651
823
7719
7370
5108
7780
5993
5974
4804
284
6104
8800
4735
8115
9921
9701
2980
672
955
4269
593
1176
3257
8457
1334
5584
9414
7256
5141
7471
7708
2611
5651
3163
4502
2777
5671
2852
9426
8866
8752
3084
7397
660
6421
2122
427
436
765
7729
8219
8593
6886
8668
1323
3871
9391
7980
7662
7427
7982
7768
6429
6978
870
3223
9551
2523
3307
614
5757
6587
4931
4563
1056
1180
5024
2984
6669
4435
2632
153
2993
1079
3105
8834
8068
418
574
6893
6140
7727
2301
1090
4140
3265
2518
8232
5712
7997
3718
1347
5348
8147
8195
4480
4114
185
303
8568
6464
1169
4381
2592
5430
7834
888
974
1885
394
7852
1919
4746
5350
3203
9480
3910
2773
5194
6355
6064
9187
4538
7162
2511
8859
5899
5732
249
3509
7458
5371
6072
8645
1225
6918
8525
6853
7867
4851
8803
3646
9116
1192
7951
2064
4904
5329
8724
6980
1252
925
5793
7789
1961
7482
985
6153
1322
8947
763
5591
3240
453
4472
5097
9423
6378
3719
3331
7688
3669
3534
6339
6817
9955
9844
2558
3319
4336
4609
3790
6806
1058
3307
2098
233
9319
390
2003
1211
947
5388
3823
2035
2985
9769
6541
2009
343
7852
4136
364
3297
3678
2003
8149
1831
6274
4821
4206
405
7648
7095
8883
6441
8740
9863
1217
9466
3903
6341
7254
8504
6251
271
943
1123
8460
40
634
6843
4818
8485
8844
2471
6297
4967
6348
2089
1779
6464
3589
2211
5518
3905
2257
6123
2465
1537
1096
4707
4425
7293
9224
1178
14
5516
3897
3273
6088
9961
1719
7795
6700
301
8032
6530
2774
8313
8218
9889
7656
3037
5820
568
4776
2574
6383
2823
1833
1697
8825
1999
3173
8254
1340
4695
916
7534
9077
7091
776
8114
9488
9191
4561
328
855
9150
3342
9295
3808
7493
5918
7349
2660
2811
527
8102
5188
7987
3764
5096
6345
3183
2628
6085
3561
9407
5067
706
9904
4600
1391
90
3649
5597
3990
7702
7889
1174
4636
2451
6289
4326
7514
1467
7957
1665
1724
4008
94
4883
8366
4596
6474
8811
3391
4857
676
1178
471
4141
3537
9351
2031
6168
9333
8824
2573
1888
6308
5260
502
4622
4
3998
2601
5501
2772
5968
8493
2148
5977
7982
1183
1707
6615
747
6886
9680
9976
579
8954
1619
5772
6750
8317
1246
796
1041
7161
7783
1900
8982
9339
959
7613
9097
8556
8493
5756
3735
7341
4963
4007
1802
7735
9126
7067
2005
3937
370
3667
770
4375
449
3589
7787
2833
4787
7132
3237
5756
1392
2054
9158
9934
1433
1189
8675
9323
5965
514
1833
7092
5807
1682
2597
9839
2145
604
6777
4968
8529
2427
6350
255
3362
994
372
2223
1302
790
480
3334
8892
6069
2997
3020
7107
9522
9044
2027
7329
512
7452
9606
2281
8202
7466
6154
4224
4863
958
4118
9621
6307
2167
5061
9157
4874
6905
5314
3726
4389
6671
53
1128
478
4261
5024
5680
3706
1034
2616
2117
8121
4384
4800
9485
2233
9275
5552
2392
9680
2329
724
3917
2210
2629
4612
8350
3092
1235
8254
9467
528
4744
9230
8454
3913
5901
5237
6102
2783
4429
42
376
1383
4934
6061
7435
6115
3976
8585
8456
9765
7570
2491
9364
7513
3635
1375
3475
414
1590
9313
5765
7411
7219
1880
8410
1785
9107
5212
374
231
3140
9021
5749
1866
8636
4408
749
6487
3017
8184
5041
7071
3068
9375
9464
2888
7645
3164
6688
1791
5366
4951
1349
8236
7466
892
5198
3040
480
9785
3204
8279
684
8817
1531
3249
2254
8334
6498
7992
6717
1185
130
8762
7130
3341
9417
5186
4354
3065
9622
2384
4369
3356
7824
8143
6492
1377
7827
3590
5785
2641
8759
3239
1427
3365
3531
7394
2925
7097
7433
4930
7098
5337
339
7641
1116
2881
6613
1893
7738
3014
7572
578
8577
2030
6226
2373
1601
9584
958
6058
2333
8746
5965
4202
336
6208
1195
3545
3575
8907
465
6995
8031
1098
7302
7031
6923
1802
7728
9770
3596
7262
7404
8337
6287
5910
9931
611
2599
542
2089
2812
3965
9261
3398
406
5810
8799
154
1374
7015
7582
3516
8891
1294
6862
1852
1243
4830
1563
1853
4946
7098
820
5609
3437
2849
5858
5568
3470
4544
2743
445
9740
1161
8344
1695
378
2440
6101
4240
7786
172
750
2076
6913
9207
3888
4626
2749
4415
6203
6160
9922
2523
5259
350
6817
54
1748
8412
2234
3534
5758
4489
8498
4002
1074
1145
4163
9836
7460
6036
680
6023
8807
7686
937
3732
6903
3799
3211
6295
574
3106
4464
9211
3550
4416
6074
8648
8358
1287
4965
4447
9728
8807
1669
8113
2018
6042
2359
9638
7672
4503
5561
2967
999
2656
2776
3027
8386
7118
2808
6087
6802
4732
5429
1468
6887
6911
8972
4163
2243
3896
5644
6796
1612
4006
6294
9831
5910
1925
7384
6087
4442
5794
3725
3946
960
4500
709
6642
1828
9426
6965
7605
4169
9774
1347
6198
112
4652
4376
9842
5969
7634
5093
6200
7549
8639
9699
4671
4972
4044
5047
8844
8866
6160
2682
7620
3813
7208
6918
2600
7985
6589
8777
142
8539
1285
4477
3917
4980
252
4925
8827
1244
658
5041
4499
1200
6487
8203
8510
669
3216
2918
2177
515
2461
3791
8847
9182
1865
9850
577
5848
6914
65
6670
9176
1372
2100
126
2518
5210
9554
2603
3569
1573
7432
523
6208
7871
8532
8768
1822
6786
6526
8323
223
7984
3282
3009
6555
9689
45
1367
2660
6008
5959
4841
7594
5913
1791
2714
8875
5885
7548
1708
3089
706
4890
9877
9313
2946
2728
8344
6638
5506
7188
3851
5887
1799
2615
3801
7747
3894
3089
4580
924
5838
4166
8911
8254
6434
9205
46
4530
3528
9876
8028
7849
4372
8905
9517
2150
2055
1841
4334
3522
3493
2088
2808
3974
4729
5089
8106
6414
5459
7347
2800
3296
2672
8383
6464
8971
3619
5931
6629
5485
3989
2107
6847
8023
6816
891
6236
2100
8498
174
3200
1023
6419
985
1331
8909
4981
5192
6776
4300
4906
3814
392
2845
3356
3587
5576
9249
6500
5474
9327
1976
2361
7814
4757
2044
4186
3138
9632
7779
4783
6002
5074
9879
9810
9934
3797
8056
1769
578
5518
5488
7699
2145
3853
8248
4061
9761
4971
3629
7997
7576
6401
7874
9317
6746
706
2834
1633
6433
8218
7985
7744
8096
2685
1100
2421
501
5494
5405
9507
4365
3136
5083
6442
5044
7955
2609
2788
6972
9967
5700
5983
3516
4037
3924
6564
7912
8174
5201
7047
7053
6354
5060
4348
7027
4338
8568
4489
8373
5118
1279
6499
6335
5153
5766
353
909
5964
7007
3881
4679
5063
993
6099
3282
6628
3234
8322
7759
4374
6749
1263
5691
6327
738
8099
6500
8005
7515
6282
188
7918
9455
3511
3047
1856
7
5462
4441
4998
6254
3275
4920
8702
756
425
8937
4482
3894
7942
1634
9540
7356
4131
8857
1208
4023
1343
5856
3725
995
2166
3919
3976
6369
8658
6043
7373
3361
2303
5129
7116
8603
4686
2281
8420
3196
977
6313
3105
771
3650
8965
7377
6049
1764
7223
1878
4496
6708
8375
9918
9354
2606
1401
7438
4400
4179
2470
2268
4293
1692
5002
3633
8615
290
8077
3399
664
1894
8861
7340
7717
4229
518
257
1381
6987
689
6541
6324
2479
4932
7825
8853
5475
9932
1146
7780
596
8471
4838
7573
5230
4751
7974
5901
5874
1469
7082
3044
7202
8781
9371
4021
8918
416
9582
2104
3701
5055
677
3077
5159
2428
730
8320
3815
5309
906
3634
7409
8294
1760
5362
6927
7322
7955
2532
6704
6226
7484
4526
1434
8450
6326
7499
6960
5386
5838
9875
1661
6928
2616
817
2975
8073
2024
300
4058
4388
8642
9748
4979
3921
5212
3389
6964
6170
6721
9079
5424
3292
2419
2756
4578
1089
4408
1145
2760
669
9339
6598
1359
8582
5199
8295
2459
1288
9997
4100
7050
0
4290
3405
6026
5671
8554
3329
8898
9852
9064
663
4447
71
5157
4101
3572
7451
7203
8079
2047
1163
8287
8333
6479
2615
752
6373
2026
3690
1629
4834
4022
9767
1743
5438
9111
3796
8659
1244
9577
9988
1075
4263
6881
9113
5224
696
5305
5739
7654
6274
6915
4246
409
7705
806
3778
5669
4172
5750
6218
4269
269
9181
8522
7521
3301
2097
6900
7681
6447
6702
5757
9686
7089
8237
9243
7572
4353
2367
8256
7989
3520
8948
6227
5844
7973
5156
1106
5645
5389
3212
8561
4828
8773
4615
7470
6593
3952
4423
5059
2251
4041
1112
6867
1909
2699
9122
201
3474
7859
4522
7154
8599
2660
2549
3563
4580
6112
1361
7476
5975
3582
6353
2980
3348
8482
1351
5031
3370
8720
9548
7040
6423
8223
9917
1249
4418
1101
1155
6997
6977
3159
9314
5018
6851
5355
9296
9676
9309
9201
5876
3775
2122
6672
6463
2083
9367
7476
6816
863
6529
438
2486
3070
4220
2427
9963
3213
2762
2116
5007
5120
7544
1964
5238
9560
7186
2358
3228
561
1754
2375
5356
9623
8078
9044
1551
4395
3802
6689
4837
2515
6641
6186
2366
4567
5132
9610
6932
5006
5915
9669
45
6234
1421
2917
6399
9481
6658
8207
5440
2630
4685
1060
5705
8917
9097
1970
8903
7314
537
6456
9514
3149
4052
9064
2140
2418
423
5169
8398
7674
320
2206
6627
2126
185
5518
4956
6589
2846
1792
7779
3893
2535
4259
5137
9938
5949
3925
6501
1871
6437
7017
5166
9620
568
4293
6581
6429
9469
7863
3964
2871
7762
9801
9021
1854
204
5298
5144
7926
4048
694
1736
2190
1480
6359
9546
7666
8599
8485
7349
7703
7561
6439
6206
7643
9843
9746
4445
7674
5734
6819
9406
5100
3826
6957
8571
9604
4175
3534
683
2460
1658
3396
7955
2327
4133
9120
4692
6750
4160
3266
8069
6540
3689
8642
9521
3662
2351
9861
3563
8826
9875
8130
2041
7643
5668
4976
5489
1422
3110
2740
4318
6554
6060
2906
3912
5145
5508
2935
3963
1725
891
1166
2078
6247
1190
8546
3372
4509
2413
220
8732
7953
5497
3706
7285
1295
7568
8874
4917
3993
6073
6867
923
9452
9944
7347
2436
3705
5640
5369
5127
4299
1592
3189
9708
1013
2738
9337
6341
2004
8526
2998
8228
3913
4016
6568
328
6983
1687
7264
3038
8695
1524
1573
214
878
9133
1445
3825
7854
5590
6717
1234
9048
5119
6006
4115
8592
2821
4
6905
7652
5546
6900
273
6544
2708
7649
5370
5772
6986
4225
3779
7934
6171
1172
5147
1653
1391
91
1096
4310
9289
1861
4644
2268
9149
172
2999
7627
6206
2255
1030
3351
5829
1440
6639
3386
7120
4055
1833
9406
2065
1606
1026
117
1693
2715
5381
5922
269
5355
7114
7685
5268
8669
104
5430
4056
5075
8095
6347
6051
3748
5969
6654
6975
3061
9078
6515
115
8423
5099
4215
3110
45
1925
9922
9897
351
4772
7312
7070
3315
6870
4904
2490
2306
487
6372
1295
5415
3790
7669
8156
9359
7549
3695
3439
290
5545
7185
1652
2243
4229
5450
5503
4801
2746
7219
8011
8014
1127
8541
1717
9229
6408
5043
7351
6472
5247
9053
4867
3704
1078
8934
7321
5500
9186
573
4452
8748
2344
5470
2744
6635
8907
6499
5147
5064
4791
6081
7558
3455
9789
4961
8569
522
4034
2647
7015
224
4978
4672
6394
1023
4939
7281
4816
7279
7553
9347
8352
5299
2480
8402
4963
8376
3628
733
1774
3365
4650
1161
3568
8364
7761
3917
2649
7636
2971
5649
6358
2985
8957
2004
7561
3512
4889
2765
1402
564
9745
2155
5698
7229
8352
7501
8291
285
615
5695
6171
3046
4127
8441
8402
4664
6945
2935
2838
7994
9521
5962
9434
1345
5556
6973
2241
7395
3673
2106
3705
2656
1000
6526
7020
1124
1319
4164
5889
3
6929
3044
8406
9918
714
2598
9036
8830
6420
7182
9593
8644
6489
9203
9613
4897
4191
6375
146
938
6758
6297
7810
7301
7090
4025
3915
9644
5596
2941
6249
8731
323
5642
8307
6524
3011
3473
9872
7397
8414
3748
2429
3634
3770
1008
1936
6684
1789
8985
6605
4488
1398
4008
8625
9407
7824
4618
6768
7898
8326
4040
174
7099
7638
911
6853
4725
7330
3540
5234
7893
1956
9380
804
3779
1445
1535
1476
2735
8292
1687
3813
3201
9435
5458
9874
5672
1033
2779
2368
7430
2894
2500
2569
3206
9052
7134
6536
6586
2922
8827
2517
2841
3906
8375
852
5450
211
9065
817
7114
6115
6748
8929
3536
467
5363
2309
5165
8557
3584
9219
5074
8672
3322
6646
9338
5604
126
1943
8086
5554
9703
3388
1422
3891
5541
2560
7931
5447
2000
1187
8502
7332
6124
7619
9086
4686
5959
5731
5932
4100
1029
2616
180
3053
1987
3856
320
1525
5388
9815
5561
1823
2534
4056
4196
2739
4056
248
7409
2083
6841
4305
4575
8262
3975
5832
8375
3454
648
4045
2284
6706
1332
2057
2071
832
2328
7936
6334
2626
6627
6866
6433
7403
4261
2394
4576
5284
1165
1508
7834
3902
9123
8122
5495
2556
5370
9770
6247
9731
4350
751
4906
6071
8041
9805
3991
3321
203
8410
7037
6047
258
3932
9192
2967
1779
4744
9859
1773
3041
7547
4518
4262
6576
6050
2570
8100
9756
5770
9035
4280
2380
7946
3235
5531
2394
8148
1521
4312
4262
2718
216
4878
5063
5346
2958
4085
8697
8374
2195
5868
6579
9967
6574
6639
9591
8308
9398
1447
5635
4501
2596
9507
283
151
1363
428
2957
8299
5436
1737
8828
8090
4924
1463
2260
489
7515
6113
4835
4557
269
8388
6272
8460
6523
8380
8119
4882
1404
8748
8002
7767
4420
7252
4672
3396
557
159
3251
6947
8222
9469
6659
1511
8798
1748
8662
7587
3452
8974
9344
8589
887
7479
1800
5113
3318
7102
2054
4680
2999
1442
1384
9868
2993
8584
8444
6285
9170
5975
1259
4213
549
6428
1409
9774
8885
2094
1281
4002
8068
5707
9337
6559
2138
8326
2822
7100
2777
2138
9942
260
7007
1372
9401
3923
4702
5396
4215
5328
5903
7493
2489
4231
1395
15
6046
6368
8689
3705
2158
8658
5151
212
396
9712
16
3588
4235
5600
5060
1629
9502
6705
2341
8410
9313
9621
7363
4346
6645
4207
1626
345
5556
1539
912
3859
7508
9860
7538
6617
3976
4024
1460
6962
262
3666
6284
8995
6247
2867
6317
5076
2091
6402
2331
3104
9006
6314
3266
1455
1018
1567
7081
8199
2734
4405
7832
8204
3682
5985
951
7713
8344
2502
8408
1951
4077
4356
4276
4266
3397
3071
5017
3235
7611
9329
5793
857
6696
723
2888
2515
603
2526
563
361
2603
5981
4481
7555
5905
7602
6736
317
2544
8079
1199
2816
8509
451
4271
5915
567
3917
3252
4586
1328
1000
4322
8016
3165
9882
2648
2267
9147
6937
2118
5243
4689
2330
5917
7664
9025
6839
2609
2963
6067
2684
864
2161
7378
8559
4175
3736
6570
4920
8210
4881
5468
9976
480
9481
8105
4234
4318
6194
7432
2686
9700
4188
9269
3682
3210
8334
3588
3353
3027
1792
944
7177
1748
4136
8258
4875
4294
1964
7624
2817
1409
3738
6579
9344
4339
7021
4430
6440
7811
6205
8897
5627
6914
4460
1189
9566
8370
8755
4642
9499
387
4054
3690
993
4105
104
5876
9211
4300
1135
1939
6712
8991
6637
8529
833
5494
3240
4856
1266
9544
7105
7348
7863
9717
5582
1216
7839
9862
4616
4626
1116
11
5418
8983
729
1189
2510
4086
8300
3659
6892
5288
1198
7567
201
274
7905
8871
2349
7897
6097
9727
9968
1203
2834
9564
5859
7763
7714
7947
1546
2533
453
4536
104
8697
6533
9597
6041
1362
7973
1950
4979
6743
486
7146
5538
7340
9648
6316
8095
398
594
375
3118
9013
1426
635
7563
9192
4863
1599
9682
1483
6051
3511
627
8359
4618
5035
2357
5118
7072
8083
5248
2649
7303
9771
7899
8690
7994
1025
9083
697
7830
1873
1923
1919
8988
7814
9219
1775
7480
6044
8354
4116
9973
8645
3178
5409
5750
5030
2914
3835
2062
8456
471
1538
8545
1098
6879
128
9180
4713
5859
205
88
8692
1406
2293
4395
7480
1301
9825
1133
1719
2607
4260
3897
9480
6589
18
4675
4325
7063
5995
4904
2171
8972
3158
1208
6923
8698
7109
7414
8922
8670
1931
5349
1416
707
568
1330
6696
7237
21
9970
4410
7280
4063
9524
4725
8573
5984
5589
6519
7193
6179
8815
4726
4301
4244
1695
6591
877
1849
427
3565
1872
437
8860
8411
3651
9950
704
1281
8284
2614
1403
3857
5959
2872
3634
2507
9456
8864
1817
6629
8220
146
5017
5523
6110
4833
8255
5743
2354
4334
1665
9539
8072
6782
3839
3420
2514
3590
1711
6471
1601
9615
5915
932
4463
2627
964
3780
9403
2020
9159
1567
6644
7809
3280
1662
1786
1195
4765
4587
9284
5249
2451
7755
3848
1071
4256
4648
9562
6179
7007
3562
9762
5742
4808
7009
3001
3827
3339
8072
4620
520
1649
2026
4475
8973
2986
6278
1094
7780
4162
276
9527
4740
385
4360
2979
1977
5230
5761
5325
8316
4380
3646
1549
9102
7238
7933
3478
4566
5532
8476
4632
4974
993
4903
1134
7818
3747
8530
8947
1309
1492
8331
9861
3970
8911
3323
1560
4141
4767
6642
6640
908
1053
7257
3954
9451
6521
9378
7338
4284
67
5111
3916
1677
9811
2386
100
9997
4099
394
8450
3778
4416
300
6542
2362
6454
4907
714
2383
3192
3181
7352
5202
2090
2608
8207
9139
4790
7905
6034
418
9944
4112
636
9307
7460
7413
1598
134
7242
6706
996
4596
8596
1013
9696
354
7334
6072
4290
486
325
7816
632
9244
6078
2814
7298
7887
1095
5444
6241
5910
7656
7123
7490
3096
8281
2411
4804
6836
9263
3376
3204
2277
2891
940
9308
4237
4639
6269
3196
5755
597
8484
6099
3821
6131
4983
1846
1510
7855
6170
8148
6847
8811
4676
1839
2803
3883
6120
6799
4818
8128
8114
7460
2239
4932
3342
4325
9730
5206
6911
2935
8750
8874
3331
3951
5935
5703
7362
5287
1736
3910
3730
2461
1937
1657
2851
336
2312
5354
1979
7083
6189
1580
6630
6969
1098
2864
2169
7367
5210
2820
6162
2540
2739
5545
2916
3821
5703
7195
1628
2069
2452
8943
1622
6894
2331
7085
9999
6941
9107
6274
8662
4188
2933
8964
4178
3950
2889
3913
257
4803
9550
4678
9213
3951
4363
6881
5727
426
540
9887
1387
8080
4654
5821
2404
2870
6822
6933
977
7353
8418
7864
1233
2477
6107
1198
7807
6525
7628
1586
3262
165
7775
8205
2267
5310
5843
5229
9649
4114
3870
6171
2727
8453
2802
1144
7713
3034
4117
4336
5421
4801
4030
9493
2693
9445
7443
6656
2110
8130
2923
6525
2797
7646
3442
1942
6048
7358
7300
3005
6376
3432
7555
6037
6150
4814
5128
4089
7553
3890
6725
7635
8129
1897
675
8508
1849
8180
5792
4670
7061
1449
9001
5195
7033
7577
2144
124
8779
8287
7900
7937
8874
6064
7409
3343
9640
6701
4806
5536
1397
7684
5402
6858
4531
312
5187
6520
6548
9165
7361
3439
9397
9374
704
5281
8489
7273
2881
9641
1685
8822
5196
2939
5239
5623
6060
6406
9866
8237
7043
4548
8547
5192
8027
6856
3370
271
8094
3825
2891
6734
4285
6078
3407
5154
3566
6504
2888
2779
7749
8020
1868
4659
436
6489
8363
7849
7165
3329
4258
7399
523
5873
4869
4328
6535
4648
8905
1026
8803
399
8845
403
3281
9096
1086
8834
3329
6177
9289
53
7170
331
4183
1266
3807
8571
1478
3218
2490
1259
6053
5587
5144
8863
6474
9512
8821
3392
1000
9032
8145
9013
2833
4863
1610
9392
9954
8814
2411
7056
1893
3939
5357
9008
7480
8049
5951
451
5015
8692
6909
3449
7583
292
4571
5418
6023
4217
6681
9960
8563
9531
5023
7360
4161
3301
1626
1410
8559
5514
5865
3755
6182
9270
5282
582
7028
1887
3842
7662
6928
9521
6610
2482
6164
1351
3903
8433
9052
6355
8120
7114
9070
9998
1739
9635
4437
200
7669
254
1380
6547
8194
5179
1704
7529
7312
9774
8167
2460
8512
1317
8344
364
3079
4882
976
4686
2789
7795
7308
4987
1380
2044
4527
8393
5171
8354
2567
7671
5717
9042
2736
3903
4215
4585
6187
1171
4018
3090
6275
2233
1121
4935
2734
3494
7902
7337
1716
8597
1458
1452
5910
7395
7354
6744
228
6860
2616
301
3760
4827
3827
4010
814
7891
489
9397
573
3534
9855
7086
5319
6742
5873
9415
8589
2904
1198
7746
2251
5476
3520
5551
588
6127
8217
2127
3
4016
9459
982
8780
7382
2630
6778
5233
3567
4417
7589
417
64
4793
1366
1533
7883
1068
6026
9604
6057
2607
7554
5382
8736
3613
2345
969
3744
9653
3259
6884
2567
5667
2650
9269
5628
4462
1606
9564
8880
397
19
7494
1042
8655
8217
4659
4815
3485
5608
772
8877
7945
6095
3906
9837
8362
5424
437
7293
5464
4312
5743
9943
2745
6042
5530
8243
3586
3399
8659
9875
1085
791
8579
1769
1205
1569
4213
2683
1115
4709
9245
2802
4108
9121
7249
459
8430
3512
6585
5278
7773
1940
6304
4335
6427
3790
2179
6426
6481
263
7440
7406
7953
9617
2678
7541
7438
7606
3260
1446
6087
6079
3052
8852
6278
8696
3310
4753
5140
6746
4207
7205
2439
6341
6912
8205
6409
3245
7455
9072
7512
5126
2752
7675
279
5731
6851
1718
848
2401
1039
3333
6214
497
8779
5206
5507
4142
7677
8103
487
6450
3035
7656
1532
5092
4327
3935
4530
4130
8654
7709
8106
8244
1175
5724
9047
2559
1339
4664
99
202
3159
3285
1754
9183
4330
461
7023
3665
8688
7740
8
2854
8517
7498
971
4407
6491
5253
250
1130
2005
3885
8030
8946
8582
6044
2695
9461
7379
3322
7098
3967
7545
182
8761
6854
998
4686
7376
4279
692
8822
1122
815
6234
2023
7866
7259
414
2350
3929
7218
1355
5404
7155
5381
436
3892
6811
5206
1768
8140
1247
5092
9307
4002
3278
5969
265
1648
3583
1101
9362
901
4278
287
7955
2107
3346
7911
1607
4238
3940
5993
8571
8295
3701
437
1333
6922
6919
1886
9081
6393
8676
1289
4336
8062
8201
4202
8711
4556
3143
5
4862
7680
9168
6565
7983
1708
1524
5864
5879
2930
8679
3116
8544
4068
1371
1489
107
5407
584
4199
1560
5924
3997
583
3563
514
3980
9945
8383
4505
908
7683
883
3915
8492
7305
2441
5020
3770
3816
8279
3514
8095
1513
9135
1510
791
2371
3796
3287
6698
195
6827
3208
5227
9694
8670
9598
183
9305
2231
6727
6122
1741
8729
2017
1233
564
9491
2583
2819
7581
9517
4775
2786
6456
2342
3161
223
3217
6119
1443
159
9401
1443
330
5483
250
1044
2664
9152
6008
6780
1725
5434
1402
1429
2215
4412
3676
2559
8297
6439
9362
2195
3503
2733
27
7029
7316
9924
9702
3591
8884
996
1974
3728
2567
8416
7343
880
8618
4914
5303
7967
4494
3525
4188
5529
8540
5083
5683
2550
3211
6836
1874
9686
9184
9341
2943
5057
8871
6208
5051
2090
5693
7378
9757
5882
89
7406
8086
9576
5511
7927
2374
6364
8573
9221
4831
99
8557
1985
7444
5047
2424
6951
2161
164
8052
1388
3746
3654
2215
6825
4456
9722
6291
928
2871
3153
4845
9969
4977
3186
1507
4053
8269
8086
6579
8617
896
5470
5430
9029
8150
2406
3974
705
8297
2331
5128
9063
2203
6427
4975
5853
2393
1414
4544
1152
3609
6367
4006
518
2421
416
2968
572
8269
1430
8249
2427
7652
9100
2103
8144
2395
6703
4434
8979
5165
6484
2029
2389
9251
2268
2224
4416
2033
7785
4390
9979
8222
9441
8820
1905
1422
2055
1635
5101
5949
2786
4817
7974
6214
2966
2392
7707
9947
6333
1251
8631
6501
4258
1112
3718
3061
7652
2551
762
9125
6798
2149
5934
7758
3502
557
3832
9311
8851
4391
8522
3329
9472
9653
8566
1164
9959
4074
1391
7879
9775
5073
8157
4856
9996
9991
9169
2779
1599
1094
6687
878
7681
2740
5901
849
1294
9421
8393
7237
7636
6802
3203
9051
9989
3694
2676
3075
5205
9208
9564
7926
8771
6804
9594
880
6991
6765
2173
8031
3262
8324
9623
4252
1871
5785
2263
1764
7076
4304
5126
4262
9829
6141
2416
8857
6711
6188
7687
5280
7702
1569
981
4694
4675
4019
7530
9758
3362
5020
9359
3632
4941
5246
6905
8566
4351
3773
347
5467
1133
6981
647
83
5671
5249
5385
9963
9066
3879
7537
8174
1976
46
2829
6527
7429
4723
5390
4745
4075
2106
9866
696
2361
4745
1335
2800
7190
2270
4531
7977
577
5254
8159
8616
8234
9930
9575
4379
897
3424
1055
4446
5260
6886
5916
8129
9504
8654
6961
1685
7528
6486
4235
6806
884
4949
1595
4038
7023
6464
8421
6301
2727
9228
7615
4575
6998
6567
7758
5670
5352
2686
9150
9562
5363
6254
6897
5341
80
3666
4630
1678
9718
4676
8153
8717
5255
2464
878
8211
1291
8928
4393
907
2389
9487
3194
9778
3056
5358
6896
1668
1449
2833
8526
9236
1630
8686
585
8950
4156
9406
1577
9545
3499
9440
9989
9217
1256
272
8417
5254
1825
1621
597
2974
8347
644
1460
15
2052
1693
2232
8023
8628
2605
499
1823
4099
8326
5797
433
9190
7138
2934
1044
1100
7676
9969
2972
1487
7442
2400
34
2932
1857
5451
4436
2733
913
2933
7187
7259
6401
4113
9377
6623
2987
659
55
2701
4197
6027
6516
80
1688
969
7866
6402
5714
8482
6317
8055
953
4074
9061
8617
1550
1678
1715
4572
546
3661
6881
4587
1126
7228
188
4700
2828
9448
7162
418
9260
4406
3193
4913
2260
1216
5445
6952
3823
7292
2471
3865
603
6538
3251
5153
5161
3473
7812
8864
5542
4071
5636
6805
3956
535
8376
5631
1633
2951
2867
6528
7926
6610
2323
851
4811
1538
7135
1793
5836
6429
2903
4219
95
576
6246
6136
1309
8459
4063
1789
4276
8342
1991
929
9653
397
7799
3182
6451
9034
4865
3548
2867
1932
6002
5694
3583
9240
8702
3133
9460
8346
343
7768
4663
7126
1849
4628
9950
3032
1006
6164
5919
3943
6213
9597
8284
7503
848
6188
7671
9535
4370
6729
1075
3456
5541
2678
2055
9279
5179
4821
6973
7510
3268
9198
1931
3645
7387
8324
7743
7521
3310
5260
9324
2418
5137
7727
132
9567
1154
4017
7732
5599
5249
5532
8053
7170
7194
9184
2460
3673
5451
2214
2943
5101
2275
1685
114
5547
2819
1319
520
5035
6567
2588
9359
8804
8355
1366
4331
7885
9953
7233
9991
7323
1369
6914
9530
4900
1454
7052
1367
5834
4480
9671
853
6555
7108
4881
3401
6636
6543
6450
8956
8535
6671
5741
9246
5524
8405
4642
3457
3142
4819
3189
8664
2816
7022
6984
6027
7055
408
1062
142
2116
1952
3714
8428
4613
741
7580
8815
5498
979
9978
6511
4468
9139
5522
8038
7545
3967
865
6628
1285
7532
5485
4665
7116
9998
2323
2272
4802
4619
5555
7080
3821
169
5964
2889
6711
9624
6425
8881
9058
3256
8574
2916
9648
2172
5039
5188
8364
647
2388
4785
352
503
6465
9479
6297
4231
9473
311
2533
1849
6481
6402
248
1324
6956
284
7008
6989
2977
1082
7489
44
8017
7069
3336
3014
4658
8490
5918
8696
3402
7926
5356
3476
4945
6944
4584
7830
2519
9808
828
1051
1279
7264
6941
8276
9205
9982
200
7640
6775
8801
1526
1502
4044
1180
7204
4760
7491
3685
5335
1721
4866
2486
27
6326
1816
1508
8632
8553
495
2634
433
1868
5533
296
4056
7861
9075
4879
7447
9164
4477
5859
9577
2171
7527
2010
569
5941
1535
8967
819
8373
1053
8589
7251
6183
7165
4064
6856
9830
4385
10
8993
5013
289
9054
7121
928
2621
5707
9838
9235
8475
8775
5307
6599
5150
1343
8174
8909
2272
193
6844
5441
4064
2960
7878
306
2453
5978
1864
2550
4755
8231
6788
2004
2259
1474
1132
7389
7149
379
2641
6486
7671
520
2378
1393
7944
2776
4994
8170
786
4979
3061
3271
9523
1524
970
5212
5450
945
2410
1444
9207
206
9232
6979
5171
1680
2280
8165
6718
1559
6785
7414
4709
3227
6429
1322
7874
118
6991
6772
2732
6924
8437
164
5695
8978
3089
1492
8504
9037
9340
3946
3431
2321
2075
2884
9854
4422
9669
4006
8563
3904
9815
6518
8486
5111
3902
4914
7052
5407
3319
3561
7709
9832
7521
6350
4241
4301
1544
4661
4749
1199
1701
1063
1672
6763
9956
8098
6673
3020
3547
4825
6289
4399
1539
1100
2051
8513
3339
7668
7282
8374
7619
8480
5249
1492
1519
6195
1429
7917
2119
5775
7790
3888
6894
9229
1710
5340
3711
6462
5056
1215
5806
1349
3645
4816
4154
1465
978
3301
1829
1697
5129
8692
1624
4632
847
6314
9555
1841
5524
5333
5437
1084
2285
8439
9119
4387
3239
6325
3704
4295
1975
5402
6732
3239
8869
2967
679
5350
4704
523
4265
8386
4531
4847
5993
7563
1418
4160
4415
376
2021
2085
9273
9981
6287
3899
3758
4460
5840
3473
137
2038
2628
1203
3936
6853
5998
8526
1237
9400
2891
7963
615
3598
5836
9057
3662
4422
4228
9226
5740
5105
327
3523
4887
6391
4003
103
8686
2695
1484
4918
1113
3718
2199
3339
6447
7427
3145
9496
4372
3838
6970
2512
6187
2902
1462
2900
3055
247
497
6235
2478
8848
8783
5252
9726
3915
7859
82
3991
3152
7613
797
7940
3589
8132
440
5211
2375
9839
6592
5294
5371
3241
9573
681
3785
7410
5316
7643
3967
1473
4824
9991
487
1092
1916
7879
9937
197
6460
783
275
6309
1721
7788
9339
9750
4031
2414
8738
463
268
4571
8307
5884
2562
9597
3470
2580
1661
3242
2149
484
8081
7867
3773
756
497
4431
7309
8964
3305
6059
6167
343
2933
7212
4083
8625
3677
121
7955
7390
7877
8033
1681
9963
5213
7979
4957
8216
8561
8514
6871
250
6986
308
4099
2826
2549
5395
4082
1934
2415
5570
2086
6490
3503
5072
5195
4225
3931
6805
6490
4723
8693
2067
7986
5067
9251
8218
7030
4306
9324
2108
6670
2269
738
1783
7550
7192
4378
2710
1155
4972
562
5014
5618
2364
5734
9517
250
8256
3997
776
5930
1195
5128
1784
7776
6608
2655
5518
8646
3297
495
9108
104
1001
1198
1515
4332
2502
2045
8046
6217
9696
4434
2244
9683
9888
3487
1201
5195
8351
403
8613
4526
7288
8519
5584
9379
5790
352
2104
8538
6272
5369
7781
8209
6153
3827
7202
5411
1622
6592
9276
881
4472
3433
6047
4519
214
145
1520
7836
2456
2688
3937
5292
491
3683
1498
3608
6703
6024
3203
4343
1589
530
6059
5302
2369
3919
8153
452
6465
5784
8108
820
5359
1120
952
3035
3078
6527
1145
7614
7110
1560
5170
1183
5351
5293
4078
9017
3654
5160
7322
3805
5055
3546
3687
666
3727
6378
2331
4145
4380
7499
5481
2155
3218
4071
1745
847
2824
175
914
7892
2460
6608
5380
8440
4254
144
7410
1531
9904
7893
1256
8971
5316
3583
5546
8563
8739
1362
254
4696
9356
8325
868
1343
9851
8984
3969
2431
3564
750
5641
511
641
8761
2230
4552
5027
7213
6621
3012
821
573
2462
5313
1413
5783
8815
8970
3604
9923
4564
6488
1276
33
9628
9221
9233
8604
9323
4710
8851
2284
3467
8940
8293
8924
2654
948
2295
5150
5320
7201
4597
2172
6510
2343
4276
5043
2752
7973
7028
975
867
6360
7363
4045
4688
3563
3524
351
2708
6268
3941
533
301
7454
2250
3929
8574
9644
9225
6162
627
4670
1982
8526
2621
2183
248
941
1253
7268
8599
8183
276
8608
1962
1023
8815
3547
1492
9738
7599
2240
5159
9317
767
7
1624
8222
3011
8784
7151
3149
2291
7552
9082
130
1747
1199
1645
2986
8639
6713
5726
9236
2784
4701
3369
4456
6272
7929
2702
2422
6442
6584
1087
7589
3600
9372
5011
3302
127
4107
7614
2003
3647
1063
6511
3699
1198
3486
3628
2166
9555
8829
9347
3240
6053
9380
2033
6170
4859
7377
3348
4025
996
208
6686
5381
4779
7897
443
5876
4077
179
2510
4065
7521
292
8109
5802
5301
3888
5734
3720
6290
780
7093
9690
9259
1867
3314
1709
6954
8458
2391
5156
6476
3422
8534
9317
2167
4939
3705
8709
478
3413
31
7268
6882
494
4975
2695
3135
5589
5456
7693
4723
9907
8824
7308
5457
3533
4992
6705
5048
9109
6866
7654
7477
6104
6923
5109
8474
411
3780
1293
2547
7197
5991
1132
6
3393
8267
9200
7088
1905
3784
1537
5327
6373
1629
3727
7497
3800
3712
7186
2443
9535
5072
9233
3152
9123
9577
5760
8471
3686
3708
8984
1372
6018
7221
7535
3601
5721
866
671
9564
9878
3196
7901
1332
3104
2828
8667
4687
5957
6378
174
6522
8821
6689
3457
8952
7726
6026
195
3917
8998
2536
2876
5723
4164
1016
4175
3721
3071
7435
6549
1865
8867
8640
8454
3671
8248
3563
8912
4397
8397
4940
9076
5097
7236
9671
5216
5701
7371
3821
1704
2954
1620
912
2729
4441
5402
6221
5949
739
2208
7658
4616
1582
8928
9662
8338
6708
1818
3418
5780
9122
7211
8490
3006
4020
7488
4507
7351
4098
9284
7622
6436
8105
4661
5098
1189
2399
3229
2412
1023
2174
6383
6720
4350
5704
5825
6268
8048
4338
4960
7594
2560
3446
9854
499
4550
6342
9926
4096
5846
8328
67
6445
3855
9872
3279
6788
7212
9266
9951
6481
35
1615
7123
2421
8400
9893
5304
9115
1786
6182
8485
4802
695
7620
5783
4162
1050
8813
2805
5930
8470
4581
1630
8437
9586
870
1067
3007
7787
8263
7561
3383
2763
2343
7598
3317
6082
2779
8203
8347
4983
1392
1393
2491
5089
6938
1045
5001
2500
45
6680
9676
7762
827
6122
2280
6422
8147
2584
7470
7028
3653
4850
9853
6592
2855
9749
4828
2002
3537
1848
7424
4053
2722
4533
3441
2594
5280
2515
2014
2888
7556
8907
9510
368
1936
3318
1494
7546
7064
8810
5494
8439
2070
607
1982
2331
4673
2094
785
4366
604
2723
3609
1531
9926
9667
5758
7627
2698
34
1185
3339
1035
8409
1144
3045
413
6846
3028
3180
7387
8402
5247
996
2408
8377
6845
8134
6544
1151
5824
9260
9088
903
351
6905
968
8845
232
5857
632
4148
6678
4195
3788
3677
2469
312
5184
2209
7407
7827
5816
3873
1375
50
7525
2431
1090
3784
1883
7538
1221
1591
4079
9173
3300
8945
5743
1136
2098
9500
3833
1233
7700
250
5643
3921
2468
2876
5582
7294
879
2253
9515
1909
4031
6912
259
6807
7632
693
3454
7345
8350
2048
7323
4599
8494
6230
3654
4488
5330
3599
7053
7198
5651
4771
875
4478
4003
3985
2806
7624
6451
2241
4850
474
9393
5918
2745
3786
5947
3428
5683
692
9516
3393
1319
2910
1315
8397
7179
7620
8634
1348
5938
1809
125
1665
7391
3532
1842
108
2721
1278
5462
1991
3388
1872
9904
3701
4338
5684
783
7152
3348
41
129
3513
4228
2983
3197
2555
2425
1906
4899
4154
9519
7484
1486
4196
5434
3009
4776
8779
3036
2539
4575
3491
5791
5565
614
8050
7631
5688
9682
127
7331
393
3010
1393
2855
939
8357
2320
4372
2361
5330
932
391
9520
1649
3908
4069
2958
753
743
8393
1468
5687
1057
846
8824
954
9410
9834
5070
282
9621
2984
6851
2490
7664
9542
7621
7894
5598
7656
4886
7486
6540
995
8853
4046
5163
3345
4127
5005
8317
3346
3020
2092
1746
1455
8053
4922
6920
3316
3946
4905
8267
2030
5661
6020
4952
7429
9791
3437
9505
3325
113
6877
5799
8463
9846
7230
1939
3223
2868
9317
3605
2509
1323
7434
8441
685
2703
2870
3307
3300
7935
1251
4713
7228
6749
6398
178
9142
6404
748
2200
2154
6464
6202
4342
4441
5058
1070
7390
1717
9594
8306
9648
6829
9954
3339
2735
2278
3383
1228
8873
467
4002
142
8389
9544
8686
6405
1223
903
5987
9945
771
2163
2086
3781
1792
4590
9237
1243
702
4126
8521
9708
3820
569
9540
3957
7459
8379
4782
9584
386
2324
2514
2737
5493
7517
4166
8564
8142
998
8947
9477
9843
4296
5461
329
6403
2512
2842
9005
5927
5294
7598
7070
7195
2774
3083
6819
3367
7415
4549
1527
9160
187
906
3519
8037
516
14
5789
3600
810
8853
5095
9043
7205
1838
8158
9928
7673
6892
9966
7925
4252
1367
8290
2324
9470
2088
4738
2547
824
1651
7270
4197
4081
3841
3283
3577
8914
7461
5134
1228
8588
6578
39
6449
9169
1899
8408
4018
2897
6100
8747
9550
4069
5707
2537
1495
7124
5025
5299
9638
2606
8955
6642
4638
1506
5344
7908
685
4089
4926
7230
7636
2588
1739
2131
9979
3774
8651
1914
525
6383
4327
4311
3597
9965
4893
4958
6667
1919
304
3159
6933
1912
7170
6501
3005
8563
5004
6994
7030
6537
1584
8329
5889
1040
8289
2933
686
9877
4612
2315
9430
4999
2208
1337
7800
9271
2412
4225
4139
8167
7624
229
3941
3148
8617
4275
1039
438
8166
1952
984
6735
5237
5057
4714
7979
3691
1785
8977
151
5780
736
5174
9507
2484
164
4313
4038
9859
3014
7971
4166
6138
9214
5122
7259
7555
8889
777
446
4578
3194
4167
2118
7697
1569
1497
2025
1405
7193
1237
9137
3272
2065
8361
8272
8752
105
2783
2474
8196
305
9466
4175
4820
1390
4264
7122
2772
3557
3020
357
272
9231
3522
8008
6262
3695
7312
6459
7020
9288
4062
1179
1491
4181
8696
368
8138
7320
5688
4374
4800
864
9450
5246
1973
2830
7535
4027
9918
3089
1364
8148
1737
3501
9351
585
1267
1397
4924
982
4289
2546
2405
4727
5621
6908
1826
8999
4739
3341
6542
9695
9188
1724
7488
2385
3279
6015
2512
7366
8329
3112
3600
833
8725
5913
5162
6626
156
7898
453
1991
7866
6601
2102
3271
2351
5195
3964
2725
640
1528
5036
5987
4314
7900
211
1371
6836
7141
8891
3940
8777
9492
6961
4400
3805
3190
102
9939
3275
3972
9047
5352
2119
5393
1834
5000
4187
3791
5758
1542
5079
3498
708
8733
9454
6473
4952
8125
2833
2957
4890
4237
9191
162
9669
2731
7185
5533
9440
8805
6033
8196
3978
2116
8832
9700
4261
8590
1181
1083
5531
1590
7349
7377
6640
3879
5657
5819
2902
4697
9225
1091
8792
6313
9673
6920
2765
6871
6170
8350
3420
4699
3523
2021
6715
8817
2800
2042
256
2792
1128
8263
7249
3524
7307
485
4484
5520
2598
9851
8503
2957
2377
6385
9369
8478
3617
3765
1092
3778
6950
95
4077
2917
8172
7519
921
2319
686
6601
1739
8675
7002
2630
5085
2623
1350
8880
9111
8337
3712
5481
8324
2879
2267
8589
791
361
6257
3748
6086
2101
3269
6557
8073
3817
6021
9563
1019
2090
978
2665
9806
198
1094
8789
6737
5442
4755
6570
8265
9235
7
9435
7726
4456
9480
1350
8387
6532
3316
6505
6724
1881
8422
2413
5389
5390
9993
2114
7008
448
8105
8382
4656
5699
1582
3841
3298
8301
3034
1341
6603
5901
7583
4559
2598
8361
1333
9562
7110
9263
5750
8676
9030
5952
9104
1794
7748
5852
1045
4556
1187
5078
7379
1258
1519
2303
7390
3850
357
2634
2110
1435
1972
4813
8993
9064
7495
2850
2386
9177
2532
1908
5428
1163
4466
2607
4014
7415
8602
7760
7641
168
1473
6260
8560
5790
5677
7453
4007
7895
6141
3609
5978
8736
2455
3472
8672
4143
331
9216
6522
8451
9806
5990
4053
7930
8387
5344
8893
6204
5125
1803
1318
214
2848
2962
5131
2181
4229
7293
4929
5587
37
1993
1833
7220
8454
731
1753
8819
6500
4068
6334
199
2257
1858
8727
5576
4528
990
4425
7885
2745
6151
278
5684
3113
6607
3389
5434
7498
9418
5662
5486
2416
9506
4571
8996
8599
6156
9201
7206
9783
2766
6544
9256
5684
9542
1981
1608
246
609
2921
3981
4585
7825
4701
5242
7694
1769
9610
1032
3976
8224
5549
8277
4585
9508
7291
3824
7765
4057
5917
8627
3103
8772
3798
8519
857
4964
3555
583
3966
9079
7971
1546
8533
9326
2163
6220
3336
1765
1734
3700
5099
6073
2516
728
7376
941
4064
805
3240
1568
9391
4328
6016
6156
8765
986
8269
2886
5082
6737
3407
3679
259
3819
5131
1284
6952
6740
2710
8509
5674
106
129
6613
1076
5157
8925
9546
3042
1872
5975
7979
4104
8493
4397
3849
1682
4412
4768
5126
8431
7085
258
2283
6962
5870
4083
3260
1363
1062
7854
6003
4764
7328
8113
535
7508
4975
9150
7617
4423
1256
8805
2161
1408
2641
7333
5105
2394
6035
5328
7310
5531
8125
2603
3315
2371
9389
9512
3363
5145
8518
9887
1370
7802
7395
8569
5302
5147
2960
5932
2675
266
2545
1319
7482
7838
2993
6236
1585
9951
8301
2448
6268
1249
6513
3153
5179
2109
428
7347
7015
3931
3779
6480
3367
449
4746
4986
9363
9232
9342
6449
8081
4714
4135
891
782
5057
7120
7799
5113
8098
6875
7880
8990
9701
351
4059
7963
9770
1943
5654
4059
8869
2334
2640
9192
2560
3765
3384
9611
9549
938
3974
1537
1667
3892
5810
9776
7333
4982
8453
250
5057
8689
5239
8487
4337
6883
797
4599
5763
1568
6237
8341
5331
9761
6301
6304
7247
2147
4668
9835
683
2891
7416
1174
2735
6961
7215
5910
5558
2615
3202
3031
2982
7350
1277
8960
8251
2526
2916
6023
1977
8236
5945
6190
9548
2164
3236
1804
9498
7396
6417
5612
9239
4436
8642
7547
2072
4320
4748
5189
3528
6174
665
9395
2109
2633
2536
1999
7422
527
2102
2330
4657
6086
2013
6711
2361
2079
5215
821
7371
6383
6972
1001
5590
4490
3345
4525
3327
2839
8196
1933
6691
648
2898
2083
7181
5542
8607
7452
1054
571
9431
1903
6737
2893
6570
9025
700
6072
4408
516
685
9594
6964
5214
403
9755
3466
6663
8705
9414
2613
8311
9532
2364
5191
8942
8569
8014
8843
475
8568
1306
1673
1434
6962
9456
3771
5512
3526
2401
976
2216
3772
3890
2575
5134
415
315
4411
8705
1001
5974
2260
8024
3255
3116
3690
1992
3520
6518
2288
6516
9368
9420
1434
8808
9226
5364
4417
814
9836
4611
2538
8156
5879
7892
9265
4575
3828
9717
4071
3778
691
7781
6156
2241
1770
1494
5223
7897
1745
6283
6895
7511
7475
6428
4668
9840
1309
7471
8002
1538
7861
2852
7387
1893
638
5067
2887
4619
1525
7352
7548
5564
4148
720
8539
217
1467
5857
1064
5321
1907
6039
5660
4132
6726
2672
603
636
2255
7309
6874
4060
3786
2413
6942
737
7532
31
777
8857
103
1130
841
7331
6791
1165
9691
5169
7295
4136
4921
4002
7656
8147
6806
5888
2041
2695
5987
2787
8437
5773
7407
6134
1421
6722
1160
4038
2995
36
4858
7673
1249
9033
9967
1547
4155
6461
6350
7406
5623
9501
5926
9952
7790
8107
4069
2742
8973
9485
3206
5728
1349
950
6970
909
2642
1532
6467
7476
7388
1225
5417
4360
8888
2485
2921
8484
1616
9473
1857
4094
6848
6396
9417
8363
7679
2062
331
4135
7643
453
6936
5561
6173
2194
8236
9872
5051
4814
4382
6743
9983
9015
9524
7606
1153
7037
6040
528
4266
5915
5104
6676
524
6906
411
4606
2870
9221
6375
2448
6784
8963
3151
3847
980
5261
5891
8046
2401
8019
5591
3174
7092
4205
8231
1718
296
5101
2445
6064
1191
3830
3287
262
4685
1480
6136
2447
4403
3788
9966
1687
1807
7079
6898
3951
775
6953
4341
7747
2597
5428
6604
6034
6966
4451
7796
3639
6824
1458
5255
2730
5965
804
5558
1020
5796
9717
8690
902
4487
3820
2378
4157
8565
3640
2587
3732
3372
1151
2395
2764
2185
9370
1826
3857
853
7274
723
8073
3833
29
4730
7130
9506
4279
3644
3955
7127
1423
163
1629
5014
7184
7485
5766
2216
3808
6396
5450
3442
1745
5234
6445
9816
1869
6280
9158
6090
9497
6440
6124
6228
2391
3875
5689
3902
9622
9439
3259
1502
225
1789
7392
5413
4405
2962
9510
1485
6013
1924
2682
9903
2509
2336
8908
8515
7582
2846
3448
9714
1282
978
4342
3034
6886
4419
6507
6705
8115
5200
1955
472
1902
8090
2168
7604
9890
7872
5847
2201
1820
9507
3917
9511
8904
3319
6519
8157
1443
7942
513
9531
7059
1
9237
6074
1822
506
9108
7528
2520
6834
3130
2851
5424
420
3491
9696
6756
8083
4520
1650
6073
5482
742
2623
8740
8940
7158
5484
4142
9491
6685
1614
7605
434
7968
2035
4925
731
7136
4277
9484
335
6878
3663
4361
9962
5828
6421
4228
4909
4421
8656
6941
1297
3050
2668
3056
3911
3796
8153
1508
2091
1969
554
1975
6104
1907
7887
3661
9724
8628
2116
3418
2122
8117
8198
7609
9276
9152
949
7225
6210
5321
9181
6119
542
919
2018
7124
6583
7245
5423
7714
5675
9176
6053
1528
1372
5772
5064
454
384
5837
3175
7268
4035
3503
3665
8966
5897
1740
5554
352
3874
8921
4282
3519
7967
7655
5734
5192
887
1360
6570
4286
8845
5928
4473
866
6639
8851
3879
4595
6308
571
704
9080
5336
9703
3733
8802
5845
4311
4346
8216
265
4451
6938
9893
3249
4153
4595
5867
5692
7836
8659
5987
339
1727
5734
2062
4537
9035
92
8578
1925
2880
5075
7425
4003
9004
4767
6566
1098
6112
5358
8327
6266
4840
1862
8201
472
1067
1862
845
7739
5674
1430
9337
1292
962
8858
6863
1559
8585
7222
8999
3414
5061
7192
4863
8948
7403
4430
2568
4363
4893
8014
8600
5100
1455
6295
1448
