0
0
1
1
5
5
7
8
8
8
9
9
10
11
13
14
14
15
16
16
17
17
18
18
18
18
19
19
19
20
20
21
21
26
26
26
26
27
28
28
30
30
31
33
34
34
34
38
38
38
38
40
43
43
44
45
45
47
47
48
50
50
50
50
51
54
58
59
60
60
62
62
62
63
64
64
65
65
65
66
66
66
67
68
68
69
70
72
73
74
74
74
74
75
75
76
78
78
79
80
82
82
84
86
89
89
91
91
92
92
92
93
96
97
100
103
105
106
106
106
107
108
109
109
110
111
111
112
112
112
113
113
113
114
117
121
121
123
126
126
127
127
127
128
128
129
129
131
132
132
134
134
135
136
137
137
139
140
141
141
141
142
143
145
146
146
148
149
149
149
149
150
151
152
152
154
155
157
157
158
158
160
161
161
162
162
163
166
167
171
172
173
174
175
175
175
176
176
179
180
182
184
185
190
191
191
192
195
195
197
199
199
200
202
203
205
207
208
208
210
211
216
217
217
218
221
223
229
229
233
233
234
236
236
236
236
236
239
239
241
241
243
243
245
245
247
249
249
250
250
250
251
252
254
254
258
258
258
260
260
262
262
264
265
269
269
271
272
273
274
274
279
280
284
285
287
287
287
288
288
288
291
291
292
292
293
293
293
295
296
296
300
301
302
305
309
310
310
310
311
312
312
313
313
313
314
315
315
318
320
321
321
321
321
322
322
327
327
330
332
332
335
335
337
338
340
341
342
343
344
345
346
347
347
347
347
348
348
349
349
350
351
351
353
353
355
359
359
362
363
365
367
367
367
368
371
371
372
373
373
374
375
377
378
378
378
379
380
380
380
383
385
386
386
386
387
388
392
392
393
394
397
399
399
400
401
401
402
402
403
404
406
406
408
408
410
411
413
414
414
414
414
416
420
420
421
421
422
423
424
424
425
425
426
426
427
429
429
430
430
431
431
431
432
432
436
437
437
438
440
440
441
444
445
445
446
446
447
449
450
450
451
451
451
452
453
454
455
455
455
455
457
459
459
462
463
465
465
465
469
469
470
470
470
470
472
472
473
474
475
476
478
479
482
483
483
484
487
489
491
492
492
496
497
498
503
504
504
504
506
508
508
508
509
510
511
511
512
512
512
515
515
515
515
516
517
517
518
518
519
523
524
527
528
528
529
529
531
531
532
533
535
536
537
538
539
539
540
540
542
543
543
543
543
544
545
545
546
546
547
548
549
550
551
553
553
554
555
555
560
561
563
564
564
567
568
568
570
570
571
572
573
574
575
577
577
579
579
580
581
585
585
587
587
587
589
590
590
591
591
591
592
593
593
593
595
595
595
598
602
602
602
603
606
606
612
614
615
617
617
617
619
619
619
622
624
624
625
625
626
626
626
627
627
631
631
632
632
633
635
636
637
639
639
639
640
640
641
641
642
644
644
649
649
650
652
655
656
658
658
658
658
659
659
664
664
664
664
664
666
667
667
671
674
675
678
679
679
679
681
681
683
684
685
686
688
688
689
690
690
691
694
695
696
696
699
700
700
701
701
702
704
705
706
708
709
709
711
712
713
715
715
715
716
718
718
719
719
719
721
721
722
722
723
725
725
726
726
726
727
727
727
728
728
728
729
729
729
730
731
732
733
735
738
738
738
740
741
742
744
745
745
745
745
749
751
755
756
757
759
759
762
763
763
764
765
766
767
769
771
771
773
773
774
775
775
777
778
778
779
779
779
779
780
782
783
783
784
786
786
786
788
790
791
792
792
794
796
796
797
798
800
801
801
802
804
806
809
811
813
814
815
816
816
817
821
821
823
823
824
828
829
829
831
832
834
836
837
838
839
839
840
840
841
841
841
842
842
843
845
846
847
847
849
849
850
851
851
852
853
854
855
855
855
856
856
857
857
857
858
858
858
862
864
865
865
866
866
867
867
867
869
869
870
871
872
873
875
876
876
877
879
879
880
881
882
883
884
884
888
890
890
890
891
891
894
896
897
900
901
903
904
906
907
907
908
908
908
908
908
908
909
909
910
910
910
913
914
919
920
923
925
925
925
928
928
930
930
931
932
932
932
934
935
935
936
937
937
938
939
944
945
948
948
948
949
950
952
954
956
957
957
958
958
960
962
962
962
965
965
965
965
967
967
969
973
974
974
975
976
977
978
978
979
982
984
985
985
986
989
989
989
990
991
991
992
993
994
995
995
996
997
997
999
1001
1002
1002
1003
1004
1005
1006
1007
1007
1007
1008
1008
1009
1009
1010
1010
1010
1011
1013
1018
1018
1019
1019
1020
1022
1022
1023
1024
1025
1028
1029
1030
1035
1035
1036
1037
1038
1040
1040
1040
1040
1040
1041
1043
1045
1047
1048
1049
1049
1050
1052
1052
1053
1055
1056
1057
1058
1058
1063
1064
1064
1065
1066
1066
1067
1068
1068
1069
1072
1073
1074
1075
1077
1078
1083
1086
1086
1087
1087
1091
1092
1094
1095
1096
1098
1099
1099
1100
1102
1103
1105
1107
1108
1108
1108
1109
1110
1111
1114
1115
1116
1116
1118
1118
1118
1119
1121
1122
1123
1123
1123
1125
1125
1125
1126
1128
1128
1129
1129
1131
1132
1133
1136
1136
1137
1138
1138
1139
1139
1140
1140
1144
1146
1148
1149
1149
1150
1151
1151
1152
1153
1154
1155
1156
1157
1157
1158
1158
1158
1159
1159
1160
1161
1161
1163
1163
1164
1168
1169
1169
1169
1171
1173
1174
1177
1177
1177
1178
1178
1182
1183
1183
1184
1184
1185
1186
1187
1188
1188
1188
1190
1190
1190
1191
1194
1195
1196
1196
1197
1198
1198
1198
1199
1201
1203
1203
1205
1205
1206
1207
1208
1210
1210
1212
1213
1213
1214
1215
1217
1217
1217
1218
1218
1219
1219
1220
1222
1223
1223
1223
1225
1225
1225
1225
1227
1228
1228
1228
1231
1231
1233
1235
1235
1236
1237
1239
1240
1242
1244
1246
1250
1253
1255
1256
1258
1258
1259
1259
1260
1260
1261
1263
1264
1266
1266
1270
1270
1273
1273
1275
1277
1277
1278
1282
1283
1284
1286
1286
1289
1289
1290
1296
1296
1297
1297
1299
1300
1300
1302
1302
1302
1303
1306
1306
1306
1307
1308
1309
1311
1311
1311
1311
1313
1313
1316
1317
1317
1317
1318
1320
1320
1321
1321
1322
1323
1325
1325
1326
1326
1327
1327
1327
1328
1330
1331
1332
1333
1333
1334
1334
1338
1342
1342
1344
1344
1344
1345
1346
1348
1349
1349
1351
1352
1352
1356
1362
1362
1364
1365
1365
1366
1368
1368
1368
1368
1370
1371
1375
1377
1379
1379
1381
1382
1382
1383
1385
1387
1388
1389
1389
1390
1390
1390
1391
1391
1391
1391
1391
1396
1396
1398
1398
1400
1401
1402
1403
1404
1409
1410
1411
1412
1413
1418
1420
1424
1425
1425
1427
1427
1429
1429
1430
1430
1430
1432
1433
1433
1434
1435
1435
1435
1435
1435
1436
1438
1439
1441
1442
1442
1443
1443
1444
1444
1448
1448
1449
1450
1451
1455
1456
1456
1457
1458
1460
1460
1461
1463
1465
1466
1467
1468
1469
1470
1472
1472
1473
1473
1474
1474
1478
1478
1479
1479
1481
1481
1482
1484
1484
1485
1485
1486
1487
1490
1491
1493
1495
1495
1496
1497
1498
1499
1499
1500
1500
1501
1502
1503
1505
1505
1506
1506
1507
1507
1507
1508
1509
1509
1511
1512
1514
1514
1516
1517
1518
1518
1519
1520
1521
1523
1524
1526
1526
1530
1531
1533
1533
1533
1534
1535
1538
1545
1545
1546
1546
1547
1549
1549
1550
1550
1552
1554
1554
1555
1555
1557
1558
1561
1561
1561
1562
1563
1567
1567
1568
1568
1569
1570
1571
1571
1572
1572
1574
1577
1578
1579
1582
1585
1588
1588
1591
1591
1591
1592
1593
1594
1594
1594
1595
1600
1601
1602
1604
1604
1604
1604
1606
1606
1608
1608
1609
1609
1609
1610
1611
1612
1612
1613
1613
1617
1617
1618
1618
1621
1621
1624
1627
1628
1628
1629
1629
1629
1631
1632
1636
1636
1638
1643
1643
1644
1646
1648
1650
1651
1654
1654
1657
1657
1659
1660
1664
1665
1665
1666
1672
1672
1672
1673
1674
1674
1674
1674
1675
1675
1675
1677
1678
1682
1683
1685
1686
1688
1689
1690
1692
1695
1695
1696
1697
1699
1702
1702
1703
1706
1707
1708
1709
1709
1709
1712
1713
1713
1716
1717
1718
1718
1718
1719
1722
1724
1724
1726
1726
1727
1729
1729
1729
1729
1731
1732
1733
1733
1734
1734
1735
1736
1736
1736
1739
1741
1741
1742
1742
1744
1745
1745
1747
1748
1748
1751
1753
1753
1755
1756
1757
1757
1757
1758
1760
1760
1760
1761
1762
1765
1765
1771
1771
1771
1771
1772
1773
1773
1774
1776
1777
1777
1777
1778
1778
1778
1783
1784
1784
1784
1784
1786
1786
1790
1790
1792
1793
1793
1799
1800
1800
1801
1801
1803
1803
1803
1804
1805
1807
1807
1808
1810
1810
1811
1812
1813
1814
1814
1814
1816
1816
1816
1816
1817
1818
1821
1823
1824
1824
1825
1825
1830
1832
1835
1836
1839
1840
1840
1841
1843
1843
1844
1845
1846
1846
1847
1850
1850
1851
1853
1853
1854
1855
1857
1859
1859
1863
1864
1866
1867
1868
1869
1871
1872
1872
1873
1873
1873
1874
1880
1882
1883
1885
1887
1888
1889
1889
1889
1893
1894
1896
1896
1901
1901
1904
1905
1907
1908
1908
1910
1911
1911
1912
1913
1914
1915
1915
1916
1916
1917
1919
1919
1921
1923
1923
1925
1927
1927
1927
1928
1929
1929
1929
1931
1932
1934
1934
1934
1935
1936
1937
1937
1938
1939
1940
1940
1943
1944
1944
1944
1944
1944
1944
1945
1946
1949
1949
1950
1950
1951
1952
1952
1955
1956
1957
1957
1961
1963
1965
1968
1968
1969
1972
1974
1974
1975
1977
1980
1980
1981
1982
1983
1983
1984
1985
1985
1985
1985
1986
1987
1988
1992
1992
1992
1993
1993
1995
1995
1995
1995
1996
1997
1999
1999
2001
2001
2003
2004
2004
2005
2005
2008
2009
2010
2016
2017
2018
2019
2023
2023
2025
2026
2031
2032
2033
2033
2033
2034
2036
2036
2037
2037
2038
2039
2040
2042
2044
2044
2044
2045
2045
2045
2047
2047
2047
2047
2047
2049
2049
2053
2053
2057
2057
2058
2058
2060
2061
2062
2062
2062
2062
2063
2066
2067
2068
2069
2069
2071
2071
2072
2073
2077
2078
2078
2079
2079
2080
2080
2081
2081
2082
2083
2086
2087
2090
2090
2091
2091
2092
2092
2092
2094
2094
2094
2096
2097
2097
2097
2098
2099
2099
2099
2100
2101
2103
2103
2104
2106
2106
2107
2107
2110
2110
2110
2112
2114
2114
2114
2115
2116
2118
2122
2123
2124
2126
2129
2130
2130
2130
2132
2132
2132
2134
2137
2138
2139
2140
2142
2143
2143
2143
2144
2145
2147
2149
2150
2152
2153
2158
2158
2158
2159
2159
2159
2160
2161
2161
2161
2161
2162
2162
2162
2164
2167
2168
2169
2170
2170
2172
2172
2173
2173
2174
2174
2175
2177
2178
2181
2184
2184
2185
2185
2185
2185
2190
2190
2191
2191
2193
2194
2194
2194
2195
2195
2196
2197
2202
2202
2203
2204
2204
2206
2206
2209
2210
2210
2210
2211
2212
2212
2213
2214
2216
2217
2218
2218
2219
2219
2220
2221
2221
2222
2223
2223
2224
2225
2225
2226
2226
2227
2228
2228
2230
2231
2231
2232
2232
2233
2233
2236
2236
2237
2237
2238
2239
2241
2241
2246
2246
2246
2247
2248
2249
2251
2251
2252
2253
2253
2253
2254
2254
2254
2255
2255
2255
2256
2258
2258
2258
2259
2260
2260
2261
2262
2263
2264
2264
2265
2267
2268
2269
2270
2270
2270
2272
2273
2273
2273
2274
2275
2277
2277
2279
2279
2282
2282
2283
2283
2286
2286
2287
2287
2288
2290
2290
2291
2292
2293
2293
2293
2294
2296
2297
2297
2298
2298
2298
2299
2300
2302
2303
2303
2304
2306
2306
2307
2307
2308
2310
2310
2311
2315
2316
2318
2320
2320
2324
2324
2325
2326
2327
2328
2329
2329
2329
2330
2331
2335
2335
2335
2337
2339
2339
2339
2339
2340
2341
2343
2343
2344
2345
2345
2348
2348
2348
2351
2354
2354
2357
2358
2359
2359
2359
2360
2360
2363
2369
2370
2370
2371
2372
2373
2373
2375
2376
2377
2377
2377
2377
2378
2378
2378
2379
2382
2384
2386
2387
2387
2389
2390
2390
2391
2391
2391
2392
2392
2392
2393
2393
2396
2396
2397
2397
2401
2401
2401
2404
2405
2409
2411
2412
2412
2413
2414
2414
2414
2415
2419
2420
2422
2423
2423
2424
2425
2427
2429
2429
2430
2430
2431
2432
2433
2434
2434
2435
2435
2437
2439
2440
2440
2440
2441
2441
2442
2443
2444
2445
2446
2449
2450
2453
2454
2458
2459
2460
2460
2461
2461
2462
2463
2464
2464
2465
2465
2465
2467
2467
2468
2471
2472
2472
2473
2474
2475
2475
2476
2477
2478
2478
2478
2478
2479
2480
2480
2481
2483
2483
2483
2484
2485
2485
2485
2485
2488
2489
2489
2491
2493
2493
2495
2495
2496
2496
2497
2497
2498
2501
2502
2502
2506
2507
2507
2508
2510
2512
2513
2514
2520
2520
2522
2523
2524
2526
2526
2527
2529
2529
2530
2531
2531
2533
2534
2535
2538
2540
2545
2546
2548
2549
2552
2552
2553
2553
2556
2558
2561
2561
2562
2563
2563
2565
2565
2568
2568
2568
2570
2572
2573
2574
2574
2574
2574
2575
2575
2576
2576
2577
2578
2578
2579
2580
2581
2581
2584
2584
2585
2585
2586
2586
2587
2587
2589
2589
2593
2595
2596
2596
2596
2596
2596
2598
2598
2598
2601
2601
2602
2604
2604
2604
2605
2605
2607
2608
2608
2609
2609
2609
2609
2611
2611
2613
2614
2616
2616
2617
2618
2618
2618
2620
2621
2622
2623
2623
2624
2624
2625
2626
2627
2628
2628
2631
2631
2632
2632
2633
2634
2635
2635
2636
2637
2637
2637
2639
2639
2643
2643
2645
2646
2648
2648
2649
2649
2652
2652
2653
2653
2653
2653
2658
2658
2662
2663
2666
2668
2668
2669
2670
2671
2672
2672
2672
2673
2674
2675
2676
2676
2676
2677
2677
2677
2681
2682
2682
2684
2686
2687
2687
2690
2690
2691
2692
2692
2693
2694
2698
2700
2703
2703
2703
2704
2704
2706
2708
2709
2709
2709
2709
2710
2711
2711
2711
2714
2716
2718
2718
2719
2720
2721
2723
2724
2725
2725
2726
2726
2728
2728
2730
2730
2730
2731
2733
2733
2734
2735
2736
2737
2737
2739
2739
2739
2741
2741
2745
2746
2746
2746
2747
2748
2748
2749
2750
2750
2751
2751
2753
2754
2754
2757
2757
2758
2758
2759
2759
2759
2760
2760
2760
2761
2763
2763
2765
2767
2767
2767
2768
2768
2769
2770
2770
2771
2771
2771
2771
2773
2774
2774
2775
2776
2777
2778
2780
2780
2781
2781
2781
2782
2783
2783
2783
2784
2785
2786
2786
2786
2787
2787
2787
2789
2791
2793
2794
2796
2797
2799
2799
2800
2801
2803
2805
2805
2806
2807
2808
2808
2808
2808
2809
2810
2811
2811
2812
2812
2813
2816
2818
2818
2820
2821
2824
2825
2826
2827
2827
2828
2828
2828
2828
2829
2831
2832
2832
2832
2832
2832
2835
2835
2836
2836
2836
2837
2837
2839
2839
2840
2840
2841
2842
2846
2847
2849
2851
2851
2851
2852
2853
2853
2854
2854
2859
2860
2861
2863
2865
2866
2867
2869
2871
2872
2876
2878
2880
2880
2883
2884
2884
2884
2887
2888
2889
2889
2890
2891
2891
2896
2896
2898
2898
2899
2899
2899
2900
2903
2903
2904
2908
2909
2909
2909
2910
2912
2915
2916
2918
2920
2920
2920
2920
2925
2927
2930
2934
2934
2935
2936
2938
2938
2938
2940
2940
2940
2941
2943
2943
2944
2944
2947
2947
2949
2949
2949
2952
2952
2953
2953
2953
2954
2955
2957
2957
2957
2959
2959
2963
2963
2964
2964
2964
2965
2966
2969
2971
2971
2973
2973
2974
2975
2975
2976
2976
2976
2978
2978
2980
2980
2981
2983
2983
2984
2985
2985
2985
2985
2986
2989
2990
2991
2991
2992
2992
2992
2992
2993
2995
2995
2996
2996
2997
2997
2997
2998
2999
3000
3000
3003
3005
3007
3007
3008
3009
3009
3011
3011
3012
3012
3013
3016
3016
3018
3021
3021
3021
3022
3022
3022
3022
3023
3024
3024
3024
3025
3026
3026
3027
3027
3028
3030
3032
3033
3034
3035
3038
3038
3038
3039
3041
3042
3043
3044
3044
3045
3046
3046
3047
3051
3053
3053
3054
3054
3055
3058
3060
3061
3062
3062
3063
3064
3066
3066
3068
3068
3068
3069
3069
3069
3069
3071
3071
3071
3074
3074
3075
3077
3077
3080
3081
3082
3084
3086
3086
3087
3087
3087
3088
3089
3089
3090
3090
3090
3090
3091
3091
3093
3093
3095
3096
3096
3097
3097
3098
3099
3099
3101
3101
3102
3102
3103
3104
3104
3105
3111
3111
3114
3114
3114
3115
3116
3118
3121
3122
3122
3122
3125
3125
3125
3126
3128
3128
3128
3130
3132
3133
3134
3136
3137
3137
3138
3138
3139
3140
3143
3143
3144
3145
3146
3148
3148
3149
3152
3153
3155
3156
3156
3160
3161
3161
3161
3163
3165
3166
3166
3169
3169
3170
3170
3175
3176
3177
3181
3181
3184
3187
3188
3189
3189
3191
3192
3193
3193
3196
3198
3199
3199
3201
3203
3204
3205
3206
3207
3207
3209
3211
3211
3213
3213
3213
3214
3214
3214
3214
3214
3215
3216
3217
3218
3219
3220
3221
3222
3225
3225
3226
3227
3227
3227
3228
3229
3233
3234
3238
3238
3239
3239
3240
3240
3240
3243
3243
3244
3244
3245
3245
3247
3247
3249
3249
3249
3249
3249
3251
3251
3252
3253
3253
3255
3256
3258
3258
3259
3262
3263
3264
3265
3266
3266
3268
3268
3268
3269
3269
3271
3274
3275
3276
3277
3277
3279
3279
3279
3280
3281
3281
3282
3283
3285
3285
3286
3286
3289
3290
3290
3290
3290
3290
3293
3293
3294
3295
3295
3296
3297
3301
3302
3302
3302
3304
3305
3307
3308
3308
3309
3309
3309
3309
3311
3312
3315
3315
3316
3317
3318
3321
3321
3322
3322
3322
3325
3325
3325
3326
3327
3328
3328
3331
3331
3331
3331
3331
3332
3332
3333
3337
3338
3340
3341
3342
3342
3344
3346
3347
3348
3350
3351
3352
3352
3354
3355
3358
3359
3360
3362
3362
3365
3365
3365
3366
3366
3367
3367
3367
3367
3368
3369
3369
3370
3370
3371
3375
3378
3378
3378
3378
3380
3382
3382
3383
3384
3384
3384
3384
3386
3387
3387
3391
3391
3392
3393
3394
3395
3396
3396
3397
3398
3398
3398
3402
3402
3402
3403
3404
3404
3404
3406
3408
3411
3411
3414
3415
3415
3416
3419
3419
3419
3419
3421
3421
3421
3421
3423
3425
3427
3427
3428
3428
3429
3430
3430
3431
3432
3433
3434
3435
3435
3436
3436
3436
3436
3437
3438
3439
3440
3442
3442
3443
3444
3446
3447
3449
3450
3451
3452
3454
3457
3458
3459
3459
3460
3460
3460
3463
3463
3465
3466
3467
3467
3469
3471
3471
3473
3474
3475
3475
3478
3478
3478
3478
3479
3480
3482
3483
3484
3484
3485
3485
3485
3486
3488
3492
3492
3492
3493
3495
3495
3495
3496
3497
3498
3500
3503
3503
3506
3506
3507
3508
3509
3509
3509
3510
3513
3514
3515
3516
3516
3516
3518
3519
3519
3520
3522
3522
3524
3525
3525
3525
3528
3528
3528
3530
3534
3535
3536
3536
3538
3539
3539
3541
3542
3543
3544
3545
3546
3547
3548
3548
3549
3549
3550
3551
3552
3552
3552
3552
3554
3554
3556
3556
3557
3557
3557
3559
3559
3560
3560
3562
3565
3566
3568
3568
3569
3570
3571
3572
3573
3574
3575
3576
3576
3576
3578
3578
3580
3581
3581
3582
3583
3584
3584
3585
3585
3586
3588
3590
3591
3593
3593
3600
3601
3603
3603
3604
3605
3607
3607
3608
3609
3610
3611
3613
3614
3616
3617
3617
3622
3624
3625
3626
3626
3626
3628
3628
3628
3628
3629
3630
3636
3636
3637
3637
3639
3639
3640
3640
3640
3642
3644
3644
3645
3646
3646
3647
3647
3647
3647
3649
3650
3650
3651
3651
3651
3652
3652
3653
3655
3655
3657
3659
3660
3660
3661
3662
3662
3663
3663
3664
3664
3665
3667
3668
3668
3669
3670
3670
3670
3670
3670
3670
3671
3672
3673
3673
3673
3674
3674
3681
3681
3681
3684
3689
3689
3690
3690
3691
3696
3698
3700
3700
3700
3701
3703
3703
3703
3704
3705
3706
3706
3708
3708
3713
3714
3714
3715
3715
3715
3716
3716
3718
3718
3720
3721
3721
3722
3722
3722
3722
3722
3723
3724
3724
3725
3725
3728
3729
3730
3730
3730
3731
3731
3731
3733
3734
3736
3739
3740
3740
3741
3741
3744
3744
3745
3746
3746
3746
3747
3748
3748
3750
3750
3750
3751
3752
3752
3752
3753
3754
3754
3755
3755
3756
3758
3758
3759
3760
3761
3762
3762
3762
3763
3764
3764
3766
3766
3768
3770
3770
3773
3773
3773
3773
3774
3774
3776
3777
3777
3777
3782
3782
3782
3784
3784
3785
3785
3785
3787
3788
3789
3790
3792
3793
3797
3797
3799
3799
3800
3801
3801
3802
3804
3805
3806
3806
3806
3807
3808
3809
3810
3811
3812
3812
3814
3815
3815
3816
3816
3816
3816
3818
3820
3820
3820
3821
3822
3823
3823
3826
3827
3828
3829
3829
3831
3831
3831
3833
3833
3834
3836
3838
3838
3840
3840
3842
3842
3843
3844
3844
3846
3847
3848
3851
3853
3856
3858
3858
3858
3860
3862
3864
3865
3866
3866
3867
3867
3869
3871
3871
3872
3873
3876
3879
3879
3879
3881
3882
3883
3884
3887
3887
3889
3889
3890
3890
3891
3891
3892
3893
3893
3894
3894
3895
3899
3900
3902
3906
3907
3908
3909
3910
3912
3913
3914
3916
3916
3916
3918
3920
3922
3922
3924
3927
3928
3928
3930
3931
3931
3933
3934
3939
3941
3944
3944
3944
3945
3946
3947
3947
3948
3949
3951
3951
3954
3955
3955
3955
3958
3959
3959
3959
3960
3961
3968
3969
3970
3971
3973
3974
3974
3975
3976
3976
3977
3979
3980
3980
3981
3985
3985
3985
3985
3986
3986
3986
3987
3991
3993
3994
3995
3996
3996
3998
3998
4001
4004
4005
4005
4006
4010
4010
4013
4016
4017
4017
4018
4020
4020
4020
4022
4025
4025
4026
4029
4030
4034
4036
4036
4037
4037
4038
4038
4038
4039
4039
4039
4040
4044
4045
4046
4048
4048
4049
4050
4051
4054
4054
4056
4057
4059
4059
4060
4060
4061
4062
4062
4065
4067
4068
4068
4068
4070
4071
4072
4072
4073
4075
4075
4076
4076
4078
4078
4080
4081
4081
4082
4082
4084
4084
4085
4086
4088
4092
4093
4095
4095
4095
4096
4097
4097
4098
4099
4101
4101
4101
4102
4104
4104
4104
4105
4106
4107
4109
4109
4110
4110
4112
4112
4114
4115
4116
4117
4117
4119
4120
4120
4122
4122
4124
4127
4127
4128
4129
4130
4130
4131
4132
4132
4133
4133
4134
4134
4136
4137
4138
4139
4140
4140
4143
4144
4144
4145
4145
4146
4147
4148
4149
4151
4152
4152
4152
4153
4155
4155
4156
4157
4159
4159
4160
4160
4163
4165
4165
4168
4169
4169
4169
4170
4170
4171
4171
4171
4172
4172
4172
4174
4175
4175
4175
4175
4178
4178
4178
4180
4182
4182
4183
4183
4185
4186
4187
4188
4189
4189
4191
4192
4193
4193
4194
4194
4195
4195
4196
4196
4197
4198
4198
4202
4202
4204
4211
4211
4212
4212
4212
4212
4213
4213
4215
4217
4219
4220
4220
4223
4223
4224
4224
4225
4226
4226
4227
4228
4228
4229
4230
4231
4232
4232
4233
4236
4237
4240
4243
4243
4248
4249
4250
4250
4251
4252
4254
4254
4254
4255
4256
4256
4259
4259
4259
4260
4261
4261
4264
4264
4267
4271
4271
4273
4273
4274
4276
4277
4278
4278
4279
4280
4282
4283
4284
4284
4284
4285
4286
4287
4288
4288
4291
4294
4295
4295
4297
4300
4301
4302
4302
4304
4305
4306
4308
4308
4308
4309
4309
4310
4311
4311
4312
4314
4315
4315
4316
4316
4317
4319
4319
4320
4320
4322
4323
4324
4324
4326
4327
4328
4328
4328
4330
4330
4331
4332
4333
4335
4335
4335
4337
4338
4340
4340
4340
4341
4342
4342
4347
4348
4349
4349
4350
4352
4352
4352
4354
4354
4355
4359
4360
4361
4362
4362
4363
4363
4364
4365
4366
4368
4368
4369
4370
4371
4371
4371
4372
4372
4372
4372
4373
4373
4374
4375
4377
4378
4379
4381
4381
4382
4385
4385
4385
4387
4387
4389
4389
4390
4390
4397
4397
4398
4398
4399
4401
4401
4402
4403
4404
4406
4408
4408
4409
4409
4411
4412
4413
4413
4415
4415
4416
4418
4418
4419
4420
4420
4421
4421
4422
4422
4423
4423
4425
4426
4427
4428
4430
4431
4431
4433
4434
4435
4435
4436
4437
4437
4438
4439
4439
4439
4441
4442
4443
4443
4445
4447
4447
4448
4449
4449
4452
4454
4455
4455
4458
4458
4460
4460
4461
4464
4465
4472
4472
4473
4474
4475
4475
4475
4476
4476
4476
4477
4481
4483
4484
4485
4485
4485
4487
4487
4488
4491
4492
4494
4494
4496
4497
4497
4499
4500
4501
4501
4502
4504
4504
4505
4505
4505
4506
4507
4507
4509
4509
4511
4511
4511
4511
4513
4514
4515
4515
4516
4516
4517
4521
4521
4522
4522
4525
4525
4527
4528
4528
4528
4528
4531
4531
4534
4536
4536
4538
4538
4539
4540
4541
4541
4542
4542
4542
4544
4544
4544
4544
4546
4546
4548
4553
4554
4554
4556
4556
4557
4558
4558
4560
4561
4561
4562
4562
4562
4563
4565
4566
4567
4568
4569
4570
4571
4572
4574
4574
4579
4580
4582
4582
4586
4587
4589
4589
4591
4591
4598
4599
4602
4604
4604
4606
4606
4607
4607
4609
4611
4611
4611
4612
4613
4613
4614
4614
4615
4619
4620
4621
4624
4625
4627
4628
4628
4635
4635
4636
4636
4637
4637
4638
4639
4640
4640
4641
4644
4647
4649
4649
4650
4650
4651
4652
4653
4653
4654
4654
4657
4657
4657
4658
4662
4668
4670
4671
4672
4673
4677
4678
4678
4679
4680
4681
4684
4684
4687
4687
4688
4688
4689
4690
4690
4691
4691
4692
4692
4696
4696
4697
4697
4698
4698
4699
4699
4700
4701
4701
4702
4702
4703
4707
4708
4708
4708
4708
4709
4709
4710
4710
4711
4713
4713
4714
4714
4714
4714
4715
4715
4716
4716
4717
4717
4718
4718
4719
4719
4720
4721
4722
4724
4724
4724
4725
4725
4728
4729
4729
4732
4733
4733
4733
4734
4736
4736
4736
4738
4739
4739
4740
4740
4740
4741
4743
4743
4746
4746
4747
4747
4749
4751
4752
4752
4752
4753
4753
4754
4754
4755
4756
4756
4756
4757
4757
4758
4759
4760
4761
4762
4764
4765
4766
4768
4770
4771
4771
4771
4772
4773
4780
4780
4781
4781
4782
4783
4783
4784
4785
4787
4788
4789
4790
4790
4791
4791
4791
4791
4792
4795
4795
4795
4796
4797
4797
4797
4797
4800
4800
4802
4803
4803
4805
4806
4806
4807
4809
4810
4810
4811
4811
4811
4812
4812
4814
4814
4815
4816
4817
4818
4822
4822
4822
4824
4827
4828
4831
4832
4832
4832
4833
4833
4834
4836
4837
4837
4841
4841
4841
4843
4843
4844
4844
4846
4848
4848
4848
4849
4850
4853
4854
4856
4859
4860
4861
4863
4865
4866
4867
4867
4868
4869
4870
4870
4870
4874
4876
4876
4876
4876
4878
4878
4878
4878
4878
4879
4879
4880
4880
4880
4883
4883
4883
4884
4886
4888
4890
4891
4892
4894
4896
4900
4901
4902
4902
4903
4904
4904
4904
4904
4905
4906
4907
4908
4909
4909
4910
4910
4911
4912
4912
4915
4916
4916
4916
4917
4918
4920
4925
4926
4926
4927
4928
4928
4928
4929
4931
4932
4933
4934
4935
4935
4936
4936
4936
4937
4939
4940
4940
4941
4942
4942
4942
4942
4944
4946
4946
4947
4947
4947
4949
4951
4951
4951
4951
4951
4951
4952
4952
4953
4954
4954
4955
4956
4957
4958
4960
4965
4965
4965
4965
4965
4965
4967
4968
4969
4971
4971
4973
4973
4974
4974
4976
4977
4977
4979
4980
4981
4981
4983
4985
4985
4985
4986
4986
4988
4991
4992
4993
4994
4995
4996
4996
4997
4999
4999
4999
5001
5001
5001
5006
5007
5007
5009
5009
5009
5010
5010
5011
5012
5014
5014
5014
5018
5019
5019
5020
5021
5021
5025
5025
5025
5027
5027
5029
5029
5029
5030
5030
5032
5032
5034
5034
5035
5036
5036
5036
5038
5039
5043
5044
5045
5045
5047
5048
5049
5049
5049
5051
5055
5056
5056
5057
5060
5061
5061
5064
5064
5065
5065
5067
5067
5069
5070
5071
5074
5074
5074
5080
5081
5081
5081
5081
5082
5084
5086
5087
5088
5089
5090
5091
5091
5091
5091
5092
5092
5093
5094
5094
5095
5099
5099
5100
5100
5102
5102
5103
5104
5104
5110
5110
5113
5114
5114
5115
5115
5117
5117
5117
5117
5117
5120
5121
5124
5124
5125
5125
5126
5126
5126
5126
5126
5127
5127
5128
5129
5131
5131
5131
5134
5134
5134
5135
5136
5143
5144
5148
5149
5149
5149
5149
5150
5150
5150
5151
5151
5152
5154
5156
5157
5157
5158
5159
5160
5161
5164
5168
5168
5168
5172
5172
5172
5173
5175
5175
5181
5182
5183
5185
5186
5186
5188
5188
5189
5190
5192
5192
5195
5195
5197
5197
5200
5201
5202
5202
5203
5203
5204
5206
5207
5210
5212
5212
5213
5214
5215
5215
5216
5217
5220
5222
5224
5224
5225
5225
5228
5230
5231
5231
5231
5232
5232
5233
5233
5235
5235
5237
5238
5238
5239
5244
5247
5249
5250
5251
5252
5253
5253
5253
5254
5254
5254
5255
5255
5256
5257
5257
5257
5258
5260
5260
5261
5262
5265
5265
5268
5268
5269
5271
5271
5273
5274
5275
5275
5276
5276
5278
5281
5282
5285
5285
5286
5289
5292
5292
5292
5293
5294
5296
5297
5298
5298
5299
5299
5299
5300
5301
5302
5305
5307
5308
5309
5309
5310
5313
5314
5314
5314
5315
5315
5316
5318
5320
5323
5324
5325
5325
5326
5326
5330
5330
5330
5330
5331
5334
5334
5334
5336
5337
5337
5338
5341
5342
5342
5344
5344
5346
5346
5347
5350
5352
5353
5353
5353
5356
5357
5357
5358
5359
5359
5359
5360
5360
5362
5363
5363
5365
5365
5365
5366
5366
5366
5366
5367
5367
5368
5369
5371
5371
5373
5374
5377
5377
5377
5380
5380
5382
5383
5385
5386
5387
5388
5389
5392
5392
5392
5394
5394
5396
5397
5397
5398
5398
5400
5404
5405
5406
5406
5407
5407
5414
5414
5414
5414
5415
5415
5416
5416
5417
5417
5419
5423
5423
5423
5424
5425
5425
5426
5427
5428
5429
5429
5431
5433
5433
5433
5434
5435
5437
5437
5438
5439
5440
5441
5442
5443
5444
5444
5446
5446
5447
5448
5450
5450
5451
5452
5452
5452
5453
5453
5453
5455
5456
5456
5457
5457
5457
5460
5461
5462
5462
5462
5463
5467
5468
5468
5469
5469
5470
5470
5471
5471
5472
5472
5472
5473
5476
5481
5482
5482
5482
5483
5483
5483
5483
5484
5485
5485
5486
5486
5489
5489
5491
5491
5493
5496
5498
5503
5510
5510
5511
5511
5512
5515
5519
5519
5523
5526
5527
5529
5529
5532
5533
5534
5535
5535
5536
5537
5537
5539
5539
5540
5541
5541
5542
5542
5543
5544
5545
5547
5547
5548
5549
5551
5552
5552
5552
5553
5553
5554
5554
5554
5555
5556
5557
5558
5559
5560
5560
5561
5562
5562
5563
5564
5564
5564
5565
5565
5565
5566
5566
5569
5570
5570
5571
5571
5571
5572
5572
5574
5574
5576
5577
5577
5578
5580
5581
5582
5583
5583
5587
5589
5590
5592
5592
5593
5593
5595
5595
5596
5597
5598
5599
5600
5600
5600
5602
5603
5603
5604
5604
5605
5607
5609
5610
5611
5612
5615
5618
5621
5621
5622
5623
5626
5627
5627
5628
5629
5629
5631
5632
5632
5633
5633
5635
5635
5635
5636
5636
5636
5637
5637
5638
5639
5641
5642
5643
5643
5645
5646
5646
5647
5647
5647
5648
5648
5649
5651
5652
5652
5652
5653
5654
5657
5658
5659
5660
5660
5660
5660
5661
5661
5662
5663
5663
5663
5663
5664
5665
5666
5666
5667
5668
5671
5672
5674
5674
5675
5675
5676
5677
5678
5678
5679
5680
5681
5683
5684
5685
5686
5687
5687
5689
5689
5690
5692
5692
5693
5693
5694
5696
5698
5698
5700
5700
5701
5704
5706
5709
5709
5710
5710
5711
5712
5712
5713
5714
5716
5716
5717
5718
5719
5720
5722
5723
5723
5724
5724
5724
5727
5727
5727
5728
5732
5734
5734
5735
5736
5736
5737
5737
5737
5740
5741
5742
5743
5743
5744
5745
5746
5747
5747
5747
5749
5750
5750
5750
5753
5754
5754
5756
5757
5757
5758
5758
5758
5761
5763
5763
5763
5763
5763
5765
5767
5767
5768
5770
5771
5771
5771
5772
5773
5777
5777
5780
5781
5781
5783
5784
5784
5785
5786
5787
5788
5791
5792
5794
5794
5794
5795
5796
5799
5799
5800
5800
5802
5802
5803
5804
5805
5807
5809
5810
5810
5810
5811
5813
5813
5814
5814
5814
5814
5816
5816
5817
5818
5819
5821
5821
5821
5822
5822
5824
5825
5826
5826
5826
5827
5827
5828
5828
5831
5831
5836
5836
5837
5837
5838
5844
5849
5849
5850
5850
5851
5853
5854
5856
5856
5857
5857
5860
5861
5861
5861
5861
5865
5866
5867
5867
5868
5869
5869
5869
5870
5871
5872
5873
5874
5877
5877
5877
5878
5879
5879
5881
5881
5881
5883
5886
5888
5889
5889
5889
5889
5891
5892
5892
5892
5894
5895
5897
5898
5901
5901
5901
5902
5903
5903
5904
5905
5906
5908
5909
5912
5912
5916
5917
5917
5919
5921
5922
5922
5922
5922
5922
5923
5928
5928
5931
5932
5932
5932
5933
5935
5935
5936
5937
5937
5939
5940
5940
5940
5942
5943
5943
5944
5946
5946
5948
5948
5949
5950
5950
5951
5952
5952
5953
5953
5953
5953
5954
5955
5955
5956
5957
5957
5958
5958
5958
5959
5963
5965
5966
5967
5967
5968
5968
5968
5969
5976
5978
5982
5983
5985
5985
5986
5988
5990
5990
5991
5993
5995
5996
5998
5998
5999
5999
5999
6000
6002
6003
6003
6003
6005
6005
6005
6006
6006
6006
6008
6009
6009
6011
6013
6014
6015
6016
6016
6017
6019
6019
6021
6021
6022
6022
6024
6026
6027
6028
6028
6028
6028
6029
6029
6029
6031
6031
6032
6032
6033
6033
6034
6034
6034
6034
6035
6036
6036
6038
6039
6039
6039
6045
6046
6047
6049
6051
6053
6053
6055
6055
6057
6059
6059
6060
6060
6060
6060
6062
6063
6063
6065
6066
6066
6068
6068
6069
6069
6070
6070
6071
6073
6074
6075
6078
6079
6082
6083
6084
6084
6085
6086
6087
6088
6088
6089
6089
6091
6091
6094
6096
6096
6097
6098
6098
6099
6102
6102
6102
6103
6105
6105
6106
6108
6113
6114
6114
6114
6115
6117
6117
6117
6119
6120
6121
6123
6123
6123
6124
6125
6125
6126
6126
6128
6129
6129
6130
6130
6130
6131
6132
6134
6134
6134
6136
6136
6136
6136
6137
6137
6139
6140
6140
6140
6141
6141
6142
6144
6145
6145
6146
6147
6148
6148
6150
6150
6150
6151
6153
6155
6155
6155
6156
6157
6158
6159
6161
6162
6163
6164
6164
6166
6168
6169
6170
6171
6172
6173
6174
6174
6177
6178
6180
6180
6180
6184
6184
6187
6188
6188
6188
6188
6188
6188
6189
6189
6192
6193
6194
6195
6197
6197
6198
6198
6201
6201
6201
6204
6206
6206
6207
6207
6208
6210
6211
6212
6212
6212
6213
6214
6214
6217
6217
6217
6218
6218
6219
6220
6221
6222
6223
6225
6226
6227
6230
6230
6230
6231
6231
6231
6232
6232
6233
6234
6234
6236
6236
6237
6237
6237
6238
6241
6241
6241
6241
6242
6244
6244
6244
6245
6245
6246
6248
6248
6252
6253
6253
6255
6256
6257
6258
6260
6261
6261
6261
6262
6262
6264
6264
6264
6265
6268
6269
6269
6271
6271
6272
6273
6275
6276
6279
6280
6280
6281
6281
6283
6283
6283
6284
6284
6285
6285
6286
6286
6286
6286
6286
6292
6292
6293
6293
6293
6294
6295
6295
6296
6296
6297
6298
6298
6300
6301
6301
6302
6302
6303
6303
6303
6306
6306
6307
6308
6308
6308
6309
6309
6311
6312
6315
6315
6316
6318
6319
6322
6324
6325
6326
6326
6327
6328
6328
6329
6330
6330
6331
6335
6337
6337
6339
6340
6340
6342
6342
6344
6344
6345
6345
6347
6350
6350
6350
6351
6351
6352
6352
6352
6352
6354
6355
6357
6358
6358
6359
6360
6360
6361
6362
6362
6362
6363
6364
6364
6364
6365
6365
6366
6366
6366
6368
6370
6370
6376
6376
6378
6378
6378
6381
6381
6382
6383
6383
6384
6385
6386
6386
6386
6387
6388
6388
6389
6390
6393
6393
6393
6394
6395
6395
6395
6396
6397
6400
6401
6401
6402
6403
6406
6407
6407
6409
6409
6409
6409
6410
6410
6411
6411
6411
6412
6413
6415
6417
6417
6418
6418
6418
6419
6422
6425
6426
6426
6426
6427
6428
6430
6430
6431
6432
6434
6434
6436
6437
6438
6442
6442
6442
6443
6443
6444
6445
6445
6445
6445
6446
6447
6447
6447
6449
6452
6452
6453
6453
6454
6454
6456
6456
6457
6458
6459
6460
6460
6464
6466
6467
6467
6468
6470
6473
6473
6475
6476
6477
6478
6478
6480
6481
6482
6483
6483
6484
6484
6485
6488
6488
6489
6490
6490
6491
6497
6497
6498
6499
6502
6502
6503
6503
6504
6507
6508
6510
6511
6511
6513
6514
6514
6514
6517
6519
6519
6520
6520
6521
6521
6523
6524
6525
6527
6527
6528
6530
6531
6532
6532
6534
6534
6534
6534
6534
6534
6535
6537
6538
6539
6539
6540
6541
6543
6545
6545
6546
6547
6547
6549
6550
6551
6551
6551
6551
6552
6552
6553
6553
6554
6554
6555
6555
6555
6555
6557
6558
6558
6559
6559
6561
6562
6563
6566
6567
6567
6568
6569
6569
6570
6571
6571
6572
6574
6576
6577
6577
6579
6579
6579
6580
6582
6583
6583
6584
6584
6584
6585
6585
6585
6587
6588
6589
6589
6591
6592
6592
6592
6593
6594
6594
6595
6596
6597
6597
6597
6599
6602
6603
6603
6604
6604
6605
6606
6608
6610
6610
6611
6613
6613
6614
6615
6615
6616
6616
6616
6617
6618
6618
6620
6623
6623
6626
6627
6628
6628
6628
6629
6629
6630
6630
6631
6631
6631
6631
6632
6634
6637
6637
6638
6639
6639
6643
6643
6643
6644
6644
6644
6645
6646
6647
6649
6650
6650
6650
6650
6650
6651
6652
6654
6655
6657
6659
6659
6661
6662
6663
6663
6665
6667
6667
6668
6668
6669
6669
6670
6673
6675
6675
6675
6676
6679
6679
6684
6684
6685
6685
6685
6687
6688
6690
6690
6691
6692
6692
6693
6693
6694
6694
6694
6696
6698
6699
6699
6699
6700
6701
6704
6705
6705
6705
6705
6707
6708
6709
6709
6710
6711
6711
6711
6712
6712
6713
6714
6714
6714
6716
6716
6716
6716
6718
6720
6721
6722
6722
6725
6725
6727
6728
6734
6735
6737
6740
6740
6740
6741
6741
6741
6742
6743
6745
6745
6746
6749
6753
6754
6755
6756
6756
6758
6758
6759
6760
6761
6762
6763
6763
6764
6765
6768
6768
6768
6770
6770
6770
6771
6771
6773
6775
6776
6777
6778
6779
6779
6782
6783
6784
6785
6788
6789
6790
6790
6790
6791
6792
6793
6794
6795
6795
6796
6797
6797
6798
6798
6799
6799
6802
6802
6803
6803
6806
6807
6809
6810
6812
6815
6815
6815
6816
6817
6817
6819
6821
6821
6821
6824
6825
6827
6827
6827
6828
6829
6830
6830
6831
6832
6832
6832
6833
6833
6833
6833
6834
6834
6835
6836
6837
6838
6839
6839
6842
6842
6843
6847
6848
6848
6848
6849
6850
6851
6851
6853
6855
6855
6856
6856
6857
6857
6857
6858
6858
6858
6859
6859
6860
6860
6862
6863
6866
6866
6866
6867
6867
6868
6868
6868
6870
6871
6872
6872
6873
6873
6876
6877
6877
6885
6885
6885
6886
6886
6887
6889
6891
6892
6893
6893
6893
6893
6895
6896
6896
6897
6899
6900
6900
6903
6903
6906
6908
6909
6910
6910
6915
6916
6917
6918
6919
6920
6920
6921
6921
6924
6925
6928
6931
6932
6932
6933
6934
6935
6935
6936
6936
6936
6939
6940
6941
6942
6943
6943
6945
6945
6946
6947
6948
6949
6951
6952
6954
6954
6955
6957
6958
6958
6959
6959
6961
6961
6965
6967
6967
6968
6970
6970
6971
6971
6971
6971
6972
6972
6973
6973
6974
6975
6975
6975
6976
6978
6978
6978
6979
6980
6980
6981
6982
6982
6984
6988
6988
6989
6990
6990
6990
6990
6991
6991
6991
6992
6992
6993
6994
6994
6995
6996
6996
6997
6998
6998
6999
7000
7000
7000
7000
7001
7001
7001
7002
7002
7002
7003
7005
7007
7007
7007
7009
7009
7011
7011
7012
7013
7015
7016
7018
7018
7020
7021
7025
7028
7028
7029
7030
7032
7033
7034
7034
7035
7036
7037
7037
7037
7040
7040
7040
7041
7041
7043
7043
7044
7044
7045
7045
7045
7047
7047
7048
7048
7049
7049
7050
7051
7052
7053
7053
7054
7055
7058
7058
7060
7061
7064
7067
7067
7067
7071
7071
7071
7073
7073
7073
7074
7075
7075
7076
7076
7077
7078
7078
7079
7080
7081
7081
7083
7085
7086
7087
7088
7088
7088
7090
7090
7091
7091
7095
7095
7096
7097
7098
7099
7100
7101
7101
7102
7102
7103
7103
7104
7105
7107
7107
7109
7110
7111
7113
7113
7114
7114
7116
7117
7117
7119
7121
7121
7122
7122
7123
7124
7125
7126
7127
7131
7131
7131
7136
7137
7138
7138
7140
7140
7140
7140
7142
7142
7143
7144
7145
7146
7147
7148
7148
7149
7149
7150
7151
7152
7152
7152
7153
7154
7154
7155
7156
7158
7158
7159
7160
7161
7161
7162
7165
7165
7165
7166
7166
7167
7168
7168
7169
7170
7171
7171
7173
7173
7174
7175
7177
7178
7179
7179
7179
7179
7179
7179
7181
7182
7182
7183
7184
7184
7186
7189
7191
7192
7192
7193
7195
7195
7195
7195
7196
7196
7200
7200
7201
7201
7203
7208
7214
7214
7214
7215
7216
7218
7219
7220
7221
7222
7222
7223
7226
7230
7230
7231
7231
7234
7235
7236
7238
7240
7243
7245
7246
7247
7247
7250
7250
7250
7250
7251
7252
7254
7259
7260
7261
7261
7262
7263
7263
7263
7264
7264
7266
7267
7267
7268
7271
7271
7272
7275
7275
7276
7277
7279
7281
7281
7282
7284
7285
7285
7288
7289
7289
7291
7292
7293
7296
7297
7299
7300
7301
7302
7303
7304
7306
7306
7307
7308
7309
7311
7312
7312
7313
7316
7316
7317
7320
7321
7322
7323
7324
7325
7327
7328
7328
7328
7330
7332
7335
7336
7338
7338
7338
7340
7340
7341
7341
7341
7341
7342
7342
7343
7343
7345
7346
7346
7348
7349
7350
7352
7353
7354
7354
7360
7361
7361
7362
7363
7364
7365
7367
7368
7370
7372
7374
7374
7374
7374
7375
7375
7376
7377
7378
7381
7381
7382
7382
7383
7385
7386
7387
7388
7388
7391
7395
7395
7395
7398
7399
7401
7402
7402
7402
7403
7404
7409
7411
7412
7413
7414
7416
7417
7418
7419
7420
7420
7421
7422
7422
7423
7424
7425
7425
7428
7432
7432
7432
7432
7433
7434
7434
7435
7436
7437
7437
7438
7439
7440
7440
7440
7441
7441
7442
7442
7448
7448
7448
7449
7450
7450
7451
7451
7453
7453
7454
7456
7456
7456
7457
7458
7459
7459
7461
7462
7466
7467
7467
7467
7468
7469
7471
7471
7472
7472
7474
7474
7475
7476
7477
7478
7478
7478
7479
7482
7483
7488
7488
7489
7491
7492
7494
7494
7494
7494
7495
7495
7496
7497
7498
7498
7498
7499
7502
7502
7503
7504
7505
7505
7506
7507
7509
7509
7509
7510
7510
7511
7511
7512
7512
7512
7513
7517
7517
7520
7521
7524
7524
7525
7525
7526
7526
7530
7531
7532
7533
7534
7535
7537
7537
7538
7539
7540
7541
7541
7542
7543
7545
7548
7548
7548
7549
7549
7550
7550
7550
7551
7552
7553
7553
7556
7556
7556
7556
7557
7558
7559
7559
7560
7561
7563
7563
7563
7564
7565
7565
7567
7567
7567
7568
7569
7569
7569
7569
7570
7572
7575
7576
7577
7578
7581
7581
7582
7583
7583
7584
7585
7587
7589
7589
7589
7589
7590
7590
7591
7591
7592
7592
7595
7595
7595
7597
7598
7601
7602
7603
7604
7604
7604
7605
7606
7607
7608
7608
7609
7611
7611
7612
7613
7614
7614
7615
7617
7617
7618
7620
7622
7622
7624
7625
7625
7626
7628
7629
7630
7633
7635
7635
7635
7635
7636
7639
7640
7641
7642
7644
7645
7647
7648
7648
7649
7649
7651
7652
7652
7654
7654
7656
7657
7660
7662
7665
7666
7666
7668
7669
7669
7669
7670
7671
7672
7672
7672
7673
7673
7674
7675
7676
7676
7677
7677
7678
7683
7683
7684
7687
7687
7688
7689
7690
7690
7690
7691
7692
7693
7693
7693
7695
7696
7696
7697
7699
7700
7701
7701
7702
7702
7702
7703
7704
7704
7704
7704
7705
7705
7706
7709
7710
7711
7712
7714
7715
7715
7715
7719
7720
7720
7722
7722
7727
7729
7729
7730
7730
7730
7730
7733
7733
7734
7734
7734
7735
7738
7738
7739
7740
7741
7742
7742
7742
7743
7745
7745
7746
7746
7747
7747
7749
7750
7750
7753
7754
7754
7755
7756
7757
7758
7758
7758
7760
7761
7761
7761
7761
7762
7762
7763
7763
7763
7765
7766
7766
7769
7769
7769
7769
7772
7772
7773
7773
7774
7774
7774
7775
7775
7776
7777
7777
7779
7781
7781
7781
7785
7785
7785
7787
7788
7791
7792
7793
7794
7795
7796
7796
7797
7797
7798
7802
7804
7804
7804
7804
7804
7806
7807
7807
7808
7810
7810
7811
7812
7812
7813
7813
7814
7816
7817
7820
7823
7824
7825
7826
7826
7827
7827
7827
7827
7829
7830
7830
7830
7830
7831
7832
7832
7834
7834
7835
7836
7836
7837
7841
7842
7842
7844
7844
7844
7845
7847
7849
7849
7850
7850
7851
7853
7854
7855
7855
7856
7857
7857
7858
7858
7859
7860
7861
7861
7861
7862
7863
7864
7864
7864
7865
7866
7869
7870
7870
7871
7872
7874
7876
7876
7878
7880
7880
7882
7882
7883
7883
7884
7884
7885
7886
7886
7886
7888
7889
7890
7891
7892
7892
7893
7894
7894
7895
7895
7895
7895
7897
7901
7902
7903
7907
7907
7907
7907
7908
7909
7916
7917
7917
7917
7919
7920
7921
7922
7924
7928
7929
7930
7932
7932
7934
7934
7934
7935
7936
7937
7937
7937
7938
7938
7938
7939
7939
7941
7944
7944
7945
7946
7946
7946
7949
7950
7950
7951
7952
7956
7958
7959
7959
7960
7962
7962
7963
7965
7966
7967
7967
7968
7969
7972
7973
7973
7976
7977
7978
7978
7979
7980
7981
7981
7982
7983
7983
7983
7984
7984
7985
7985
7986
7986
7986
7987
7987
7987
7988
7988
7988
7988
7989
7990
7990
7992
7992
7992
7992
7992
7994
7995
7995
7996
7997
7998
7998
7999
7999
7999
7999
8000
8001
8002
8002
8002
8002
8003
8003
8003
8004
8005
8007
8008
8009
8009
8010
8011
8011
8012
8013
8014
8014
8015
8016
8016
8017
8017
8019
8019
8019
8019
8021
8021
8022
8023
8024
8026
8026
8027
8027
8028
8028
8028
8030
8030
8030
8030
8032
8033
8033
8034
8034
8035
8035
8036
8038
8039
8040
8043
8044
8044
8045
8046
8046
8046
8046
8046
8047
8047
8048
8048
8049
8050
8050
8050
8050
8052
8053
8053
8056
8056
8058
8060
8062
8062
8066
8066
8066
8066
8067
8067
8068
8070
8072
8073
8073
8073
8074
8075
8075
8076
8078
8079
8079
8080
8081
8081
8083
8084
8085
8090
8091
8091
8091
8092
8092
8094
8095
8097
8098
8098
8100
8100
8102
8103
8103
8104
8105
8105
8106
8106
8106
8106
8110
8110
8112
8112
8113
8114
8114
8114
8118
8120
8120
8121
8121
8123
8123
8125
8127
8129
8129
8130
8131
8131
8133
8134
8136
8136
8138
8139
8140
8143
8146
8147
8147
8147
8147
8148
8150
8153
8154
8154
8155
8156
8156
8157
8159
8159
8160
8160
8160
8160
8160
8161
8161
8161
8162
8168
8170
8170
8173
8175
8175
8176
8176
8181
8182
8183
8183
8184
8185
8186
8187
8191
8192
8192
8193
8193
8194
8194
8194
8197
8199
8199
8199
8200
8200
8201
8201
8202
8203
8204
8205
8207
8208
8208
8208
8210
8210
8212
8213
8213
8214
8214
8216
8216
8217
8218
8220
8221
8222
8222
8222
8223
8225
8225
8225
8226
8226
8228
8229
8230
8230
8232
8233
8234
8237
8237
8239
8239
8240
8241
8241
8243
8244
8245
8249
8250
8250
8250
8252
8252
8252
8253
8254
8254
8255
8256
8258
8259
8260
8260
8260
8261
8265
8269
8270
8272
8272
8273
8273
8275
8275
8275
8275
8276
8276
8276
8279
8279
8279
8280
8281
8282
8282
8283
8283
8285
8285
8286
8286
8288
8289
8289
8290
8292
8292
8294
8295
8296
8296
8298
8298
8299
8300
8301
8302
8303
8305
8305
8305
8307
8310
8312
8312
8314
8314
8316
8317
8318
8318
8319
8323
8323
8325
8325
8326
8330
8331
8331
8331
8331
8333
8333
8333
8334
8334
8335
8335
8336
8336
8337
8337
8337
8339
8339
8340
8342
8343
8345
8345
8346
8348
8348
8349
8349
8349
8350
8351
8351
8351
8353
8353
8356
8356
8356
8358
8359
8365
8366
8367
8367
8368
8370
8372
8372
8372
8374
8374
8374
8375
8375
8376
8377
8379
8380
8381
8382
8382
8383
8385
8385
8385
8387
8388
8388
8389
8390
8391
8391
8392
8393
8395
8396
8396
8397
8398
8399
8400
8401
8401
8402
8402
8402
8404
8404
8405
8407
8410
8410
8410
8411
8412
8412
8412
8412
8413
8413
8418
8419
8420
8422
8423
8425
8425
8427
8427
8428
8428
8428
8428
8428
8429
8430
8430
8435
8436
8436
8437
8437
8439
8442
8443
8444
8449
8452
8453
8453
8454
8455
8456
8456
8456
8459
8461
8462
8462
8462
8464
8464
8464
8465
8466
8467
8468
8469
8470
8470
8471
8472
8472
8475
8476
8478
8478
8478
8481
8482
8482
8483
8483
8486
8486
8488
8488
8490
8490
8490
8491
8491
8493
8495
8496
8496
8496
8497
8498
8501
8502
8502
8503
8505
8505
8506
8507
8507
8508
8509
8509
8511
8511
8515
8515
8517
8518
8518
8518
8518
8518
8518
8519
8520
8521
8522
8525
8527
8531
8533
8535
8536
8537
8538
8540
8541
8542
8543
8545
8546
8547
8548
8549
8549
8550
8550
8551
8552
8552
8552
8552
8553
8557
8557
8557
8559
8559
8559
8560
8562
8563
8564
8565
8567
8567
8568
8570
8570
8570
8571
8572
8572
8573
8574
8574
8575
8575
8575
8576
8578
8579
8579
8580
8580
8580
8580
8580
8581
8584
8585
8585
8585
8587
8589
8589
8590
8591
8591
8593
8593
8594
8594
8594
8595
8595
8596
8598
8598
8598
8600
8601
8602
8602
8605
8606
8606
8608
8610
8612
8612
8612
8613
8613
8615
8615
8616
8616
8617
8617
8618
8619
8620
8621
8622
8624
8624
8625
8625
8626
8627
8628
8628
8629
8630
8631
8632
8632
8632
8635
8636
8637
8640
8642
8642
8645
8645
8646
8649
8649
8651
8652
8653
8654
8656
8656
8656
8656
8656
8661
8661
8663
8665
8665
8665
8667
8667
8669
8670
8672
8675
8676
8680
8681
8682
8682
8682
8684
8685
8686
8687
8688
8689
8691
8694
8694
8694
8695
8698
8698
8699
8701
8703
8703
8704
8704
8707
8707
8707
8710
8713
8714
8716
8718
8718
8718
8719
8720
8721
8721
8722
8722
8725
8726
8727
8728
8730
8732
8732
8732
8733
8734
8735
8735
8735
8735
8739
8739
8740
8743
8744
8745
8746
8746
8748
8749
8749
8750
8753
8754
8756
8757
8757
8758
8760
8763
8763
8765
8765
8766
8766
8768
8769
8770
8770
8771
8772
8772
8773
8773
8774
8776
8779
8780
8781
8781
8782
8782
8784
8784
8785
8786
8787
8788
8788
8789
8791
8791
8793
8795
8795
8795
8797
8798
8798
8798
8799
8803
8803
8803
8804
8805
8805
8806
8807
8808
8811
8811
8814
8814
8815
8816
8816
8817
8817
8817
8820
8820
8826
8827
8828
8830
8830
8830
8832
8833
8835
8841
8841
8841
8843
8845
8846
8846
8846
8846
8847
8848
8849
8849
8850
8850
8850
8852
8852
8852
8854
8855
8855
8857
8857
8858
8859
8859
8861
8862
8863
8863
8863
8865
8866
8868
8868
8870
8873
8874
8874
8875
8876
8876
8877
8877
8878
8880
8880
8881
8882
8883
8885
8886
8887
8888
8889
8890
8890
8890
8891
8892
8894
8898
8899
8901
8902
8902
8902
8905
8905
8905
8906
8907
8908
8910
8911
8911
8912
8915
8915
8916
8919
8922
8922
8922
8922
8926
8926
8926
8927
8927
8928
8930
8930
8930
8931
8932
8933
8934
8934
8936
8937
8937
8938
8941
8942
8943
8945
8945
8946
8946
8947
8949
8949
8950
8953
8953
8953
8954
8955
8956
8957
8958
8958
8959
8959
8960
8961
8963
8965
8965
8965
8966
8966
8969
8971
8971
8972
8973
8973
8975
8975
8975
8975
8977
8977
8978
8979
8979
8980
8981
8982
8982
8982
8982
8983
8984
8985
8987
8988
8988
8989
8991
8992
8992
8994
8994
8996
8996
8998
9001
9003
9004
9005
9005
9006
9007
9008
9008
9012
9014
9014
9014
9015
9015
9016
9019
9019
9020
9022
9023
9024
9025
9026
9027
9027
9029
9032
9033
9033
9035
9036
9037
9037
9038
9039
9039
9040
9043
9044
9044
9045
9045
9046
9046
9047
9048
9048
9048
9049
9050
9050
9052
9053
9053
9053
9054
9054
9054
9055
9055
9056
9059
9060
9063
9063
9065
9065
9066
9066
9067
9068
9069
9069
9072
9076
9076
9077
9079
9079
9080
9081
9084
9086
9087
9089
9089
9089
9092
9093
9094
9094
9095
9096
9096
9097
9098
9099
9103
9107
9107
9107
9110
9111
9114
9114
9115
9116
9117
9118
9118
9119
9120
9120
9120
9120
9122
9122
9122
9125
9125
9128
9130
9130
9130
9133
9133
9134
9137
9138
9140
9146
9146
9149
9150
9150
9151
9151
9153
9153
9153
9154
9155
9155
9155
9155
9155
9156
9159
9160
9160
9163
9164
9165
9166
9168
9168
9169
9170
9171
9171
9174
9179
9179
9184
9185
9185
9186
9188
9192
9194
9194
9196
9196
9197
9197
9201
9202
9202
9202
9203
9204
9205
9205
9206
9206
9206
9208
9208
9210
9210
9211
9212
9212
9212
9213
9215
9217
9217
9218
9219
9220
9220
9220
9222
9223
9223
9225
9225
9226
9226
9226
9226
9227
9228
9228
9229
9231
9231
9232
9232
9233
9234
9236
9238
9239
9240
9240
9240
9242
9243
9244
9244
9247
9249
9250
9252
9252
9252
9253
9255
9255
9255
9255
9257
9259
9260
9261
9261
9262
9264
9266
9268
9269
9269
9271
9272
9273
9273
9275
9276
9278
9278
9280
9280
9281
9282
9282
9283
9284
9285
9285
9286
9286
9287
9287
9289
9290
9292
9293
9294
9295
9296
9298
9301
9301
9302
9302
9303
9304
9306
9306
9307
9307
9308
9308
9309
9309
9310
9311
9311
9311
9313
9313
9314
9314
9314
9314
9317
9317
9318
9320
9321
9321
9323
9324
9324
9325
9326
9326
9326
9328
9329
9332
9333
9334
9336
9337
9337
9337
9338
9339
9339
9340
9341
9341
9341
9342
9342
9342
9343
9344
9344
9345
9349
9353
9356
9358
9359
9360
9360
9365
9366
9367
9367
9371
9371
9373
9373
9376
9377
9379
9379
9379
9379
9382
9383
9383
9384
9384
9384
9386
9388
9389
9392
9393
9393
9394
9395
9396
9397
9398
9400
9401
9404
9406
9406
9407
9409
9410
9411
9412
9414
9415
9416
9419
9419
9419
9425
9425
9428
9429
9430
9431
9432
9432
9435
9436
9436
9437
9438
9439
9440
9443
9448
9448
9450
9451
9451
9454
9455
9456
9457
9459
9460
9460
9460
9461
9462
9462
9463
9464
9465
9467
9468
9468
9469
9469
9470
9470
9471
9473
9474
9474
9474
9474
9477
9478
9478
9480
9481
9482
9482
9483
9483
9484
9486
9487
9487
9489
9491
9491
9492
9493
9495
9496
9496
9498
9498
9498
9500
9501
9502
9502
9505
9506
9506
9506
9506
9508
9509
9509
9509
9511
9513
9513
9514
9514
9515
9516
9516
9519
9519
9520
9524
9524
9525
9525
9526
9526
9526
9528
9528
9528
9529
9530
9532
9533
9533
9534
9535
9536
9537
9538
9539
9539
9540
9542
9543
9544
9547
9548
9551
9552
9552
9552
9553
9553
9554
9556
9557
9557
9558
9559
9563
9564
9564
9564
9565
9566
9566
9568
9568
9568
9568
9570
9571
9571
9572
9572
9576
9577
9577
9578
9578
9579
9580
9582
9582
9583
9583
9583
9584
9584
9586
9586
9586
9587
9587
9588
9588
9589
9591
9591
9595
9597
9597
9598
9598
9599
9599
9600
9605
9607
9607
9608
9609
9613
9614
9615
9615
9616
9617
9618
9618
9619
9619
9620
9620
9621
9623
9625
9626
9627
9627
9627
9628
9628
9631
9631
9631
9632
9632
9632
9634
9635
9635
9636
9637
9639
9641
9643
9644
9645
9645
9646
9646
9646
9646
9648
9650
9650
9650
9652
9652
9653
9654
9654
9654
9655
9658
9658
9658
9659
9660
9661
9662
9664
9667
9668
9669
9669
9669
9670
9671
9671
9673
9674
9677
9677
9679
9679
9683
9683
9684
9684
9690
9690
9692
9693
9694
9694
9695
9695
9696
9698
9699
9699
9699
9701
9701
9701
9701
9703
9705
9705
9706
9708
9708
9711
9712
9712
9713
9713
9713
9714
9714
9714
9716
9718
9719
9720
9720
9720
9720
9720
9722
9723
9724
9724
9724
9725
9725
9725
9726
9727
9727
9728
9728
9729
9730
9730
9731
9732
9732
9732
9736
9740
9740
9741
9741
9741
9742
9743
9744
9745
9745
9745
9745
9747
9748
9749
9750
9751
9755
9755
9755
9756
9756
9758
9759
9760
9761
9763
9763
9765
9765
9766
9767
9768
9769
9770
9774
9775
9775
9776
9777
9778
9780
9784
9786
9788
9789
9791
9792
9793
9795
9797
9797
9797
9798
9798
9799
9800
9800
9800
9802
9802
9805
9805
9807
9807
9807
9808
9809
9809
9809
9809
9811
9812
9813
9813
9813
9816
9817
9818
9819
9820
9821
9821
9821
9822
9822
9824
9826
9826
9831
9833
9834
9835
9836
9837
9839
9839
9840
9840
9841
9841
9841
9843
9844
9844
9844
9845
9847
9848
9848
9850
9850
9850
9854
9854
9857
9857
9857
9858
9859
9862
9864
9864
9865
9865
9867
9867
9868
9870
9870
9872
9872
9875
9878
9880
9881
9882
9883
9883
9883
9884
9884
9884
9884
9884
9885
9885
9886
9886
9887
9888
9888
9890
9891
9892
9892
9893
9894
9895
9896
9897
9899
9899
9902
9902
9904
9904
9905
9905
9906
9906
9908
9908
9908
9910
9911
9914
9914
9914
9916
9917
9918
9920
9920
9921
9923
9923
9923
9923
9924
9926
9927
9927
9930
9931
9933
9934
9935
9936
9936
9937
9938
9940
9942
9943
9945
9946
9947
9948
9949
9951
9951
9953
9956
9956
9956
9956
9957
9957
9957
9958
9959
9959
9960
9960
9960
9962
9963
9963
9963
9964
9964
9965
9965
9968
9968
9971
9971
9972
9973
9975
9976
9976
9978
9984
9989
9993
9993
9995
9996
9998
9999
10000