10000
10000
10000
9996
9992
9989
9988
9988
9988
9987
9987
9987
9987
9986
9985
9983
9982
9982
9981
9980
9980
9978
9974
9973
9972
9972
9970
9970
9969
9968
9967
9967
9966
9966
9964
9964
9964
9962
9961
9960
9958
9956
9956
9956
9953
9953
9952
9952
9952
9952
9952
9951
9947
9946
9944
9943
9942
9942
9942
9942
9941
9941
9940
9939
9937
9937
9937
9935
9934
9932
9931
9931
9930
9930
9928
9924
9924
9923
9923
9920
9919
9919
9918
9917
9916
9916
9913
9912
9912
9911
9910
9909
9909
9909
9908
9908
9907
9907
9904
9903
9902
9900
9900
9897
9895
9892
9892
9891
9888
9887
9887
9886
9884
9884
9882
9881
9881
9880
9880
9878
9877
9875
9875
9873
9872
9871
9870
9870
9868
9867
9866
9864
9864
9863
9862
9861
9861
9859
9857
9856
9855
9854
9853
9851
9851
9850
9850
9849
9848
9848
9848
9847
9847
9847
9846
9845
9842
9842
9841
9839
9838
9837
9837
9835
9835
9834
9834
9834
9829
9829
9827
9825
9824
9824
9820
9820
9818
9818
9817
9815
9814
9813
9813
9813
9812
9812
9811
9809
9809
9806
9805
9805
9804
9804
9804
9804
9804
9804
9803
9803
9801
9801
9801
9799
9799
9799
9798
9797
9796
9796
9795
9794
9793
9793
9792
9792
9792
9791
9791
9790
9790
9789
9788
9787
9787
9787
9786
9786
9783
9781
9779
9777
9777
9777
9776
9776
9776
9771
9771
9770
9770
9769
9768
9766
9765
9764
9763
9761
9761
9759
9758
9758
9757
9757
9757
9756
9753
9751
9750
9749
9748
9747
9746
9745
9745
9745
9744
9744
9744
9743
9743
9743
9742
9741
9741
9739
9738
9738
9738
9737
9737
9736
9734
9732
9731
9730
9729
9729
9729
9729
9728
9726
9724
9719
9719
9719
9718
9716
9715
9714
9714
9712
9711
9710
9707
9705
9705
9701
9700
9697
9689
9686
9686
9686
9685
9684
9684
9683
9682
9681
9681
9681
9681
9681
9679
9678
9677
9676
9674
9674
9673
9672
9668
9668
9668
9668
9668
9666
9666
9666
9665
9664
9664
9664
9663
9662
9662
9660
9655
9654
9652
9648
9648
9647
9644
9642
9642
9641
9640
9640
9640
9639
9635
9635
9634
9634
9632
9632
9632
9632
9628
9627
9626
9625
9624
9624
9624
9622
9622
9621
9620
9619
9618
9618
9617
9615
9615
9613
9605
9605
9605
9604
9603
9603
9602
9602
9602
9601
9597
9596
9595
9594
9593
9590
9589
9588
9587
9587
9585
9584
9583
9582
9581
9581
9579
9578
9577
9577
9577
9576
9575
9572
9572
9567
9567
9565
9565
9565
9565
9565
9564
9563
9560
9559
9557
9557
9556
9555
9554
9551
9551
9551
9550
9547
9545
9544
9543
9543
9540
9539
9539
9539
9538
9538
9537
9534
9533
9532
9532
9531
9528
9527
9521
9519
9519
9518
9516
9516
9514
9513
9512
9511
9507
9506
9505
9505
9504
9503
9502
9502
9501
9500
9499
9499
9498
9495
9493
9493
9492
9492
9492
9492
9491
9491
9490
9490
9489
9486
9483
9480
9479
9479
9478
9478
9478
9474
9472
9471
9471
9471
9469
9469
9469
9469
9469
9467
9466
9464
9464
9463
9463
9462
9462
9462
9459
9458
9457
9457
9457
9456
9456
9453
9450
9449
9449
9449
9446
9446
9446
9445
9444
9444
9443
9441
9440
9440
9438
9437
9437
9437
9436
9436
9435
9434
9434
9433
9433
9432
9431
9429
9427
9422
9421
9421
9421
9419
9419
9419
9419
9416
9416
9414
9413
9413
9412
9412
9410
9409
9409
9407
9406
9406
9404
9404
9402
9400
9399
9398
9397
9396
9395
9395
9394
9393
9390
9390
9389
9388
9388
9386
9385
9385
9384
9384
9382
9381
9377
9374
9374
9374
9373
9372
9371
9370
9369
9368
9368
9365
9364
9363
9363
9362
9362
9362
9362
9361
9360
9359
9358
9356
9355
9354
9352
9351
9350
9348
9346
9345
9343
9342
9341
9341
9339
9339
9338
9337
9337
9337
9328
9327
9327
9326
9326
9326
9325
9325
9325
9324
9324
9324
9323
9323
9321
9320
9319
9318
9317
9316
9315
9314
9314
9314
9314
9313
9313
9311
9309
9309
9306
9306
9303
9303
9301
9299
9299
9299
9297
9296
9295
9294
9293
9292
9290
9290
9290
9289
9287
9286
9286
9286
9285
9284
9282
9282
9282
9281
9281
9280
9280
9279
9277
9275
9275
9274
9274
9274
9274
9273
9271
9270
9270
9270
9269
9268
9267
9265
9265
9263
9262
9261
9259
9259
9259
9258
9258
9257
9256
9254
9254
9252
9251
9251
9250
9249
9249
9249
9248
9248
9247
9247
9246
9244
9244
9243
9243
9243
9242
9242
9240
9240
9239
9239
9239
9238
9237
9235
9234
9233
9232
9232
9232
9232
9229
9229
9229
9228
9228
9227
9227
9227
9227
9227
9226
9226
9225
9225
9224
9224
9224
9223
9223
9222
9217
9217
9217
9216
9214
9211
9210
9210
9210
9210
9208
9208
9206
9205
9204
9203
9199
9198
9197
9197
9196
9194
9194
9193
9192
9189
9189
9187
9187
9186
9185
9185
9184
9182
9180
9180
9179
9178
9178
9178
9177
9176
9175
9175
9175
9175
9175
9172
9171
9169
9168
9167
9167
9166
9166
9161
9161
9161
9160
9160
9159
9158
9158
9157
9157
9156
9156
9155
9155
9154
9154
9154
9153
9153
9151
9149
9149
9148
9147
9146
9146
9145
9145
9145
9144
9144
9141
9136
9133
9132
9132
9131
9130
9129
9128
9128
9127
9127
9127
9126
9123
9122
9122
9121
9117
9117
9116
9116
9115
9111
9108
9107
9101
9101
9101
9100
9100
9099
9098
9096
9095
9095
9095
9094
9094
9094
9093
9089
9086
9086
9084
9084
9083
9083
9081
9080
9075
9074
9074
9073
9073
9072
9071
9071
9070
9069
9069
9069
9068
9066
9065
9057
9057
9056
9055
9055
9053
9051
9051
9051
9050
9047
9044
9044
9043
9042
9041
9039
9038
9037
9036
9033
9031
9031
9031
9030
9027
9026
9025
9022
9022
9020
9020
9018
9017
9012
9012
9012
9009
9009
9008
9007
9007
9005
9005
9004
9001
9000
8999
8998
8997
8994
8993
8992
8992
8990
8989
8987
8985
8985
8981
8980
8980
8979
8978
8978
8977
8977
8975
8975
8975
8974
8974
8973
8973
8972
8968
8967
8966
8966
8965
8965
8963
8963
8961
8960
8957
8955
8955
8955
8954
8952
8952
8952
8952
8950
8947
8946
8944
8942
8939
8935
8933
8932
8932
8931
8930
8930
8926
8926
8926
8925
8925
8923
8922
8922
8922
8920
8920
8919
8918
8917
8917
8916
8916
8916
8916
8916
8914
8913
8912
8911
8911
8910
8910
8909
8907
8907
8906
8906
8905
8905
8905
8903
8903
8903
8902
8902
8901
8901
8898
8897
8897
8894
8894
8893
8891
8889
8889
8888
8888
8888
8887
8885
8885
8883
8883
8882
8880
8879
8878
8877
8877
8876
8872
8871
8871
8870
8870
8869
8869
8867
8864
8864
8863
8863
8860
8860
8859
8856
8854
8854
8853
8851
8850
8848
8845
8845
8844
8841
8841
8839
8839
8839
8838
8838
8838
8837
8835
8835
8834
8833
8832
8832
8830
8827
8827
8827
8824
8824
8823
8823
8823
8823
8822
8821
8821
8821
8821
8820
8819
8818
8818
8818
8817
8817
8816
8814
8812
8811
8810
8809
8808
8808
8807
8807
8806
8805
8805
8805
8804
8803
8799
8799
8797
8795
8794
8794
8793
8793
8792
8791
8790
8790
8788
8787
8786
8785
8785
8785
8784
8782
8782
8782
8780
8780
8779
8778
8778
8776
8776
8775
8775
8775
8774
8772
8772
8771
8770
8767
8766
8765
8765
8762
8761
8761
8760
8760
8759
8759
8758
8757
8753
8751
8750
8750
8748
8748
8746
8744
8744
8743
8742
8742
8740
8740
8739
8738
8738
8737
8734
8734
8732
8731
8730
8729
8729
8729
8726
8725
8723
8720
8719
8718
8718
8717
8713
8713
8713
8712
8711
8710
8710
8707
8707
8705
8703
8702
8701
8699
8698
8697
8693
8692
8692
8690
8690
8690
8689
8689
8689
8689
8689
8685
8685
8683
8683
8682
8682
8681
8676
8676
8675
8674
8671
8670
8670
8669
8669
8668
8667
8666
8665
8664
8660
8660
8658
8658
8657
8656
8656
8656
8655
8654
8654
8652
8652
8652
8652
8648
8647
8647
8644
8644
8643
8643
8643
8643
8642
8641
8641
8640
8640
8637
8636
8634
8633
8632
8630
8630
8630
8628
8628
8628
8627
8627
8626
8625
8625
8625
8625
8620
8617
8617
8615
8614
8613
8611
8611
8609
8608
8607
8605
8605
8602
8602
8601
8600
8600
8597
8597
8596
8594
8594
8594
8593
8592
8591
8590
8589
8587
8584
8584
8584
8584
8583
8583
8583
8582
8582
8579
8579
8578
8577
8576
8575
8575
8575
8574
8574
8574
8574
8573
8572
8572
8571
8570
8570
8569
8567
8566
8566
8565
8561
8561
8559
8559
8558
8557
8556
8556
8556
8555
8554
8551
8551
8550
8548
8547
8546
8543
8543
8542
8542
8542
8541
8540
8540
8540
8538
8538
8538
8537
8537
8535
8534
8531
8530
8530
8530
8529
8528
8528
8528
8527
8526
8526
8525
8525
8523
8521
8521
8520
8520
8517
8516
8516
8514
8514
8514
8512
8510
8509
8506
8505
8504
8504
8501
8498
8498
8498
8494
8494
8493
8493
8493
8491
8486
8486
8485
8483
8483
8480
8478
8475
8474
8474
8473
8472
8470
8469
8469
8467
8465
8464
8461
8461
8460
8460
8459
8459
8457
8457
8456
8455
8455
8455
8454
8454
8453
8451
8450
8449
8449
8448
8446
8446
8443
8443
8442
8440
8440
8440
8439
8438
8437
8437
8436
8436
8435
8434
8431
8429
8429
8428
8426
8426
8425
8421
8421
8421
8420
8419
8419
8419
8418
8418
8417
8417
8415
8414
8413
8412
8410
8409
8408
8406
8406
8405
8403
8402
8398
8397
8397
8397
8397
8395
8395
8394
8394
8392
8392
8391
8391
8391
8390
8390
8389
8388
8388
8388
8387
8386
8386
8385
8383
8383
8382
8381
8381
8378
8376
8374
8374
8372
8372
8371
8370
8370
8368
8368
8366
8366
8366
8365
8365
8364
8363
8361
8360
8358
8357
8357
8357
8355
8354
8354
8354
8353
8353
8352
8350
8350
8349
8348
8347
8347
8346
8346
8341
8341
8341
8341
8339
8338
8336
8335
8335
8335
8334
8334
8333
8333
8332
8329
8327
8327
8326
8325
8325
8325
8324
8322
8322
8321
8320
8319
8318
8318
8318
8317
8315
8314
8313
8311
8310
8308
8306
8305
8305
8304
8304
8303
8303
8301
8297
8297
8296
8296
8296
8294
8293
8292
8291
8290
8289
8288
8288
8288
8287
8286
8285
8284
8284
8283
8282
8280
8280
8279
8278
8278
8278
8277
8277
8277
8277
8277
8275
8275
8275
8274
8274
8273
8272
8271
8271
8271
8271
8270
8268
8268
8268
8267
8267
8266
8266
8266
8265
8264
8264
8264
8262
8260
8259
8259
8258
8257
8257
8256
8253
8252
8252
8251
8250
8249
8246
8246
8241
8240
8240
8238
8237
8237
8236
8234
8233
8232
8231
8230
8229
8228
8228
8227
8226
8226
8226
8226
8225
8224
8222
8222
8221
8220
8218
8217
8216
8215
8213
8213
8212
8210
8209
8207
8206
8205
8204
8204
8200
8198
8198
8192
8192
8189
8188
8186
8186
8179
8179
8179
8176
8174
8174
8172
8172
8168
8167
8166
8164
8164
8163
8162
8162
8162
8162
8162
8161
8160
8158
8157
8157
8155
8155
8150
8150
8149
8148
8147
8146
8146
8146
8142
8142
8142
8141
8140
8139
8139
8139
8138
8138
8137
8136
8134
8132
8132
8130
8129
8129
8128
8125
8121
8121
8118
8118
8116
8113
8112
8112
8111
8111
8111
8110
8109
8108
8104
8101
8098
8097
8095
8095
8094
8093
8091
8089
8089
8087
8086
8086
8086
8086
8085
8083
8083
8082
8082
8081
8079
8079
8078
8076
8074
8073
8072
8071
8070
8070
8069
8068
8068
8067
8066
8066
8066
8064
8062
8061
8060
8057
8056
8054
8051
8048
8046
8045
8045
8045
8042
8041
8041
8041
8038
8038
8037
8037
8035
8033
8031
8031
8031
8030
8029
8027
8027
8026
8025
8022
8021
8021
8021
8020
8020
8017
8016
8016
8013
8012
8011
8009
8009
8009
8008
8006
8005
8002
8002
7999
7997
7995
7995
7994
7992
7991
7987
7987
7987
7985
7985
7984
7982
7982
7976
7975
7974
7973
7973
7972
7971
7971
7970
7969
7968
7968
7967
7965
7964
7964
7963
7963
7961
7961
7958
7957
7956
7955
7953
7952
7949
7949
7948
7947
7947
7946
7946
7945
7943
7943
7941
7939
7939
7939
7938
7938
7938
7937
7936
7935
7933
7933
7932
7931
7929
7928
7928
7927
7926
7921
7917
7916
7913
7913
7912
7910
7908
7907
7907
7906
7904
7903
7901
7901
7900
7899
7899
7898
7896
7896
7893
7891
7890
7889
7888
7888
7886
7886
7884
7883
7882
7879
7878
7878
7878
7874
7873
7871
7871
7871
7869
7868
7867
7867
7867
7867
7865
7864
7862
7860
7859
7859
7858
7858
7857
7857
7856
7855
7854
7854
7854
7853
7852
7851
7850
7850
7850
7849
7846
7846
7846
7845
7844
7844
7843
7843
7843
7842
7841
7841
7840
7838
7837
7837
7834
7833
7833
7833
7831
7830
7829
7825
7825
7824
7824
7823
7823
7821
7821
7820
7818
7818
7817
7816
7813
7811
7811
7810
7810
7810
7809
7809
7805
7805
7804
7802
7801
7801
7800
7796
7794
7794
7793
7792
7791
7790
7789
7787
7787
7786
7783
7780
7776
7776
7773
7773
7771
7771
7764
7763
7761
7761
7761
7761
7760
7758
7756
7754
7754
7754
7753
7753
7753
7752
7751
7751
7750
7749
7748
7747
7746
7745
7743
7742
7742
7742
7742
7741
7741
7739
7738
7738
7737
7737
7737
7736
7736
7734
7734
7733
7732
7732
7732
7730
7729
7726
7725
7725
7724
7722
7722
7722
7722
7720
7720
7719
7715
7715
7714
7713
7713
7709
7709
7707
7707
7706
7705
7705
7705
7705
7704
7703
7702
7702
7701
7700
7698
7697
7697
7696
7694
7693
7692
7691
7691
7689
7688
7687
7686
7686
7685
7685
7684
7684
7684
7679
7678
7674
7668
7667
7666
7666
7665
7665
7662
7662
7662
7662
7660
7660
7659
7658
7657
7657
7656
7656
7656
7655
7655
7654
7654
7653
7652
7649
7648
7647
7646
7646
7644
7642
7641
7639
7633
7632
7631
7630
7629
7628
7628
7628
7627
7626
7624
7624
7624
7624
7622
7622
7622
7620
7618
7617
7616
7613
7613
7612
7611
7609
7607
7607
7606
7606
7603
7603
7602
7600
7600
7599
7598
7597
7596
7595
7595
7594
7594
7594
7594
7593
7593
7593
7593
7592
7592
7591
7590
7589
7588
7588
7587
7587
7585
7584
7584
7582
7580
7577
7574
7573
7573
7571
7571
7570
7567
7567
7566
7566
7566
7565
7564
7563
7562
7559
7559
7557
7557
7557
7557
7555
7555
7553
7552
7552
7552
7550
7550
7550
7549
7547
7546
7543
7543
7539
7538
7537
7536
7536
7535
7534
7533
7532
7532
7530
7530
7530
7528
7528
7528
7527
7526
7525
7524
7523
7521
7520
7520
7519
7517
7516
7513
7511
7511
7509
7505
7504
7502
7502
7501
7499
7498
7494
7494
7492
7492
7491
7490
7490
7489
7489
7488
7488
7487
7487
7486
7486
7486
7485
7484
7483
7482
7482
7479
7479
7474
7474
7473
7473
7472
7472
7471
7471
7471
7468
7465
7465
7465
7465
7462
7461
7460
7460
7458
7456
7456
7455
7454
7453
7452
7448
7447
7446
7446
7444
7443
7443
7443
7442
7442
7442
7442
7441
7441
7441
7439
7437
7437
7434
7433
7430
7429
7428
7427
7426
7425
7423
7423
7422
7422
7418
7417
7417
7414
7412
7410
7409
7409
7408
7407
7406
7405
7405
7404
7403
7401
7401
7399
7399
7399
7398
7398
7397
7396
7393
7392
7391
7389
7388
7388
7387
7386
7385
7385
7383
7382
7381
7377
7376
7375
7374
7373
7373
7372
7372
7371
7371
7370
7369
7368
7367
7364
7362
7362
7359
7357
7357
7353
7353
7353
7352
7350
7349
7349
7347
7346
7345
7343
7342
7341
7340
7338
7337
7335
7335
7334
7334
7329
7328
7328
7328
7327
7327
7326
7326
7326
7325
7324
7323
7323
7322
7322
7321
7321
7321
7319
7318
7317
7316
7314
7313
7313
7310
7309
7308
7306
7305
7305
7304
7304
7303
7303
7301
7299
7299
7298
7297
7296
7295
7294
7293
7292
7287
7284
7281
7280
7279
7277
7276
7272
7270
7270
7270
7269
7269
7269
7268
7266
7264
7264
7262
7258
7257
7257
7256
7255
7255
7253
7252
7251
7251
7250
7250
7249
7247
7247
7243
7242
7242
7242
7241
7241
7240
7239
7238
7237
7237
7236
7234
7233
7233
7231
7229
7228
7228
7227
7227
7227
7226
7224
7224
7224
7223
7223
7222
7221
7218
7217
7217
7217
7216
7216
7216
7213
7213
7211
7209
7206
7206
7204
7203
7203
7201
7200
7197
7194
7192
7191
7191
7190
7188
7187
7184
7183
7183
7182
7176
7176
7175
7174
7174
7173
7172
7172
7171
7171
7170
7170
7169
7169
7167
7167
7167
7167
7166
7166
7165
7164
7164
7164
7163
7163
7162
7162
7161
7161
7160
7158
7158
7156
7155
7153
7153
7153
7153
7153
7151
7150
7149
7147
7147
7147
7144
7144
7143
7143
7142
7141
7141
7140
7139
7137
7137
7137
7136
7135
7135
7134
7134
7129
7129
7128
7128
7128
7128
7125
7122
7122
7119
7118
7117
7116
7116
7116
7115
7114
7114
7113
7111
7111
7108
7107
7107
7107
7106
7105
7103
7103
7103
7103
7102
7102
7101
7101
7101
7098
7097
7097
7097
7097
7096
7096
7095
7094
7093
7092
7087
7086
7086
7083
7082
7082
7081
7080
7080
7080
7078
7078
7076
7076
7075
7074
7073
7071
7070
7070
7069
7068
7067
7066
7065
7065
7064
7058
7055
7055
7055
7052
7051
7051
7051
7049
7048
7046
7045
7044
7044
7043
7042
7042
7042
7042
7042
7041
7041
7039
7037
7036
7035
7034
7034
7033
7031
7030
7030
7029
7029
7028
7028
7027
7026
7025
7024
7023
7023
7023
7022
7022
7022
7021
7015
7014
7013
7012
7008
7008
7007
7007
7006
7005
7004
7003
7001
7001
6998
6996
6995
6995
6994
6994
6993
6993
6993
6993
6993
6993
6992
6992
6990
6988
6986
6985
6984
6984
6984
6981
6980
6980
6980
6977
6977
6976
6975
6974
6970
6969
6969
6967
6967
6967
6967
6966
6965
6964
6963
6962
6958
6957
6957
6957
6956
6956
6954
6954
6954
6953
6952
6951
6949
6948
6947
6946
6945
6944
6944
6943
6942
6941
6941
6940
6940
6939
6938
6934
6933
6933
6932
6931
6931
6930
6929
6929
6926
6925
6924
6922
6920
6919
6918
6917
6916
6914
6913
6913
6913
6912
6911
6908
6906
6905
6904
6902
6900
6900
6899
6897
6897
6896
6896
6895
6895
6893
6893
6893
6891
6889
6889
6889
6888
6888
6888
6886
6884
6883
6881
6880
6880
6878
6877
6873
6871
6871
6870
6869
6868
6867
6866
6866
6865
6863
6861
6861
6861
6860
6860
6859
6858
6857
6856
6856
6856
6854
6853
6853
6852
6852
6851
6850
6849
6848
6848
6848
6847
6847
6847
6846
6846
6845
6845
6844
6843
6842
6842
6841
6839
6839
6837
6837
6835
6834
6833
6833
6833
6832
6831
6826
6821
6818
6816
6813
6813
6812
6812
6811
6810
6810
6809
6808
6807
6807
6807
6805
6804
6803
6803
6802
6801
6800
6800
6798
6797
6797
6797
6795
6795
6793
6793
6791
6790
6789
6788
6785
6785
6784
6783
6783
6782
6781
6779
6779
6778
6777
6777
6777
6777
6776
6776
6773
6773
6770
6770
6769
6768
6768
6767
6766
6765
6765
6763
6763
6763
6762
6762
6762
6761
6760
6760
6759
6756
6756
6756
6755
6755
6754
6754
6753
6753
6749
6749
6748
6747
6746
6743
6741
6739
6738
6738
6736
6736
6736
6736
6735
6732
6732
6731
6730
6728
6728
6728
6726
6726
6725
6725
6724
6724
6724
6723
6722
6721
6721
6721
6719
6718
6717
6717
6716
6715
6715
6714
6713
6711
6710
6709
6709
6708
6708
6708
6707
6705
6704
6703
6703
6702
6702
6702
6701
6701
6699
6698
6696
6695
6695
6694
6694
6693
6693
6693
6693
6690
6689
6689
6688
6688
6688
6688
6688
6687
6683
6680
6678
6676
6676
6676
6674
6674
6673
6670
6670
6670
6669
6667
6666
6666
6666
6666
6664
6661
6661
6661
6661
6661
6660
6660
6659
6659
6659
6657
6653
6653
6653
6652
6652
6652
6652
6650
6649
6649
6648
6647
6647
6645
6644
6642
6642
6641
6640
6640
6638
6635
6635
6635
6635
6634
6633
6632
6631
6630
6630
6629
6628
6627
6625
6624
6624
6623
6622
6621
6621
6620
6619
6618
6618
6616
6616
6616
6615
6614
6613
6612
6611
6610
6609
6608
6607
6607
6607
6607
6607
6606
6605
6604
6604
6603
6602
6600
6597
6596
6596
6593
6593
6591
6590
6589
6588
6588
6587
6586
6585
6581
6581
6579
6579
6578
6578
6576
6576
6576
6574
6574
6572
6572
6571
6570
6569
6568
6568
6565
6565
6562
6562
6562
6561
6559
6558
6557
6557
6557
6556
6556
6556
6555
6554
6553
6550
6546
6546
6545
6542
6540
6540
6539
6538
6538
6536
6535
6534
6534
6534
6533
6531
6527
6527
6527
6526
6525
6524
6524
6524
6521
6521
6520
6520
6518
6517
6514
6512
6510
6509
6508
6507
6507
6506
6505
6501
6500
6496
6492
6492
6491
6490
6488
6488
6488
6487
6484
6484
6484
6484
6481
6481
6481
6479
6479
6478
6478
6472
6471
6470
6469
6467
6467
6465
6463
6462
6461
6461
6460
6460
6460
6457
6455
6455
6454
6454
6454
6450
6449
6449
6448
6447
6446
6446
6446
6443
6442
6442
6441
6441
6439
6438
6438
6438
6437
6437
6437
6435
6432
6431
6431
6430
6429
6429
6428
6428
6426
6421
6421
6420
6419
6418
6418
6416
6416
6416
6415
6412
6411
6408
6408
6408
6407
6407
6407
6406
6406
6405
6404
6404
6403
6400
6400
6399
6398
6397
6397
6396
6395
6393
6392
6391
6387
6387
6387
6385
6384
6383
6383
6377
6377
6376
6376
6375
6375
6375
6374
6374
6374
6373
6373
6372
6372
6371
6368
6366
6366
6364
6364
6363
6362
6362
6356
6356
6356
6355
6353
6349
6345
6345
6344
6343
6341
6340
6340
6338
6335
6333
6333
6332
6331
6330
6330
6330
6326
6325
6323
6322
6322
6321
6321
6320
6319
6317
6317
6316
6316
6314
6313
6313
6313
6312
6312
6309
6308
6307
6307
6307
6306
6304
6304
6303
6302
6302
6298
6297
6297
6296
6296
6294
6293
6290
6289
6288
6288
6286
6286
6286
6284
6284
6283
6283
6282
6282
6282
6280
6279
6277
6277
6276
6274
6274
6273
6271
6269
6268
6268
6268
6267
6264
6264
6262
6261
6261
6261
6261
6259
6259
6257
6254
6254
6253
6251
6249
6248
6247
6245
6245
6245
6244
6244
6243
6243
6242
6240
6240
6239
6237
6236
6236
6235
6234
6232
6231
6231
6230
6229
6228
6228
6223
6223
6223
6222
6218
6217
6217
6217
6215
6215
6214
6213
6213
6213
6212
6210
6205
6203
6201
6201
6200
6200
6199
6198
6198
6195
6195
6195
6194
6192
6191
6190
6185
6185
6181
6180
6180
6179
6177
6176
6175
6174
6174
6172
6170
6170
6169
6168
6168
6165
6165
6165
6164
6163
6162
6158
6158
6156
6155
6154
6154
6153
6151
6151
6151
6150
6149
6148
6148
6147
6144
6144
6143
6142
6140
6139
6139
6139
6137
6136
6135
6134
6134
6133
6132
6132
6130
6128
6128
6125
6124
6124
6124
6123
6121
6119
6117
6117
6117
6114
6114
6112
6111
6111
6108
6105
6105
6103
6103
6103
6102
6101
6100
6097
6096
6094
6093
6093
6091
6090
6089
6088
6086
6085
6084
6084
6084
6084
6082
6082
6081
6080
6079
6079
6077
6077
6076
6074
6074
6073
6072
6071
6070
6069
6068
6068
6067
6067
6066
6066
6064
6060
6060
6056
6056
6055
6054
6053
6051
6051
6050
6050
6049
6049
6049
6048
6047
6047
6047
6044
6043
6043
6042
6042
6041
6039
6039
6038
6037
6036
6035
6034
6033
6033
6031
6031
6029
6029
6028
6028
6027
6027
6026
6026
6026
6025
6025
6025
6024
6023
6023
6023
6022
6022
6022
6020
6018
6018
6018
6018
6016
6016
6015
6012
6011
6011
6009
6005
6001
6001
5998
5997
5997
5996
5996
5994
5991
5991
5990
5987
5985
5985
5985
5984
5983
5981
5980
5980
5980
5979
5977
5977
5971
5971
5970
5968
5966
5965
5965
5964
5959
5956
5955
5954
5953
5953
5953
5950
5950
5950
5950
5949
5948
5946
5945
5944
5941
5941
5939
5938
5934
5932
5931
5931
5930
5930
5928
5925
5925
5924
5923
5920
5919
5919
5918
5918
5917
5916
5914
5913
5913
5912
5912
5912
5912
5911
5911
5908
5905
5901
5901
5901
5900
5899
5897
5897
5897
5896
5896
5895
5894
5894
5894
5892
5891
5890
5889
5889
5888
5886
5884
5881
5881
5881
5880
5879
5878
5876
5876
5875
5875
5874
5873
5872
5871
5871
5870
5870
5870
5867
5865
5864
5863
5863
5862
5861
5860
5860
5860
5860
5860
5858
5858
5858
5857
5857
5856
5856
5856
5855
5853
5851
5850
5848
5848
5847
5847
5845
5845
5844
5844
5844
5843
5843
5840
5839
5839
5839
5838
5838
5838
5834
5834
5833
5833
5831
5831
5831
5830
5829
5829
5829
5826
5825
5822
5822
5822
5819
5819
5819
5818
5816
5814
5814
5813
5811
5811
5810
5807
5805
5804
5803
5802
5802
5796
5795
5794
5793
5792
5791
5791
5790
5789
5789
5788
5786
5785
5784
5783
5783
5783
5783
5782
5782
5781
5781
5780
5780
5778
5777
5774
5774
5774
5771
5769
5768
5767
5766
5765
5765
5764
5763
5763
5763
5763
5762
5762
5762
5761
5761
5759
5757
5757
5755
5753
5753
5753
5753
5752
5750
5749
5746
5745
5741
5741
5738
5738
5736
5734
5734
5732
5731
5730
5729
5727
5727
5727
5725
5725
5723
5723
5723
5722
5721
5720
5719
5719
5719
5718
5713
5713
5712
5711
5710
5709
5709
5705
5704
5704
5704
5703
5698
5697
5696
5696
5694
5693
5693
5692
5692
5691
5691
5689
5689
5688
5686
5686
5686
5686
5685
5684
5683
5683
5683
5683
5682
5682
5682
5682
5682
5682
5681
5680
5680
5680
5680
5679
5677
5677
5676
5674
5674
5674
5674
5669
5668
5668
5662
5662
5660
5657
5657
5655
5655
5654
5654
5653
5651
5651
5651
5650
5649
5648
5647
5647
5646
5646
5646
5645
5644
5644
5644
5644
5643
5642
5639
5638
5636
5636
5636
5635
5634
5634
5633
5632
5630
5629
5628
5628
5627
5624
5623
5622
5622
5621
5620
5617
5617
5616
5614
5606
5605
5605
5602
5597
5597
5593
5589
5587
5586
5585
5584
5584
5582
5581
5581
5580
5579
5578
5578
5577
5577
5577
5577
5575
5572
5570
5570
5570
5569
5569
5568
5568
5567
5567
5565
5564
5564
5563
5563
5561
5561
5561
5559
5559
5558
5558
5557
5556
5555
5555
5555
5553
5550
5550
5549
5549
5549
5548
5545
5544
5543
5543
5541
5540
5538
5537
5536
5536
5536
5535
5534
5534
5532
5529
5526
5524
5521
5520
5520
5517
5517
5516
5515
5514
5514
5513
5513
5510
5509
5508
5507
5506
5505
5504
5504
5504
5504
5503
5500
5500
5499
5496
5495
5493
5492
5491
5487
5486
5486
5486
5486
5480
5480
5476
5476
5474
5474
5471
5471
5470
5469
5467
5467
5466
5465
5464
5463
5462
5462
5462
5462
5461
5460
5458
5458
5458
5453
5451
5450
5449
5449
5449
5449
5447
5446
5446
5445
5444
5444
5443
5443
5443
5442
5440
5439
5437
5437
5435
5435
5433
5432
5429
5427
5427
5425
5425
5425
5425
5421
5421
5420
5419
5419
5418
5417
5417
5416
5415
5415
5413
5413
5413
5412
5412
5411
5410
5406
5406
5405
5405
5404
5403
5402
5401
5400
5400
5400
5399
5399
5393
5393
5390
5390
5389
5388
5388
5388
5385
5384
5382
5381
5379
5376
5375
5375
5375
5373
5373
5372
5371
5369
5368
5368
5368
5367
5365
5365
5365
5364
5363
5363
5363
5362
5360
5357
5357
5356
5356
5355
5355
5354
5353
5353
5351
5350
5347
5347
5343
5338
5337
5337
5337
5336
5335
5334
5332
5328
5327
5326
5325
5324
5324
5324
5323
5322
5322
5321
5319
5317
5316
5316
5316
5315
5314
5313
5311
5310
5310
5309
5309
5309
5308
5308
5303
5303
5303
5302
5302
5301
5300
5300
5300
5298
5298
5295
5295
5295
5293
5292
5291
5291
5290
5287
5286
5284
5284
5283
5282
5282
5280
5280
5280
5280
5279
5279
5277
5274
5274
5271
5270
5270
5269
5269
5269
5268
5268
5267
5266
5266
5265
5265
5264
5262
5260
5258
5258
5258
5258
5255
5254
5252
5251
5251
5248
5248
5247
5245
5245
5243
5243
5240
5239
5238
5237
5236
5236
5231
5231
5231
5231
5230
5230
5227
5226
5225
5225
5218
5218
5217
5216
5215
5214
5214
5213
5213
5211
5211
5210
5210
5210
5209
5209
5209
5208
5206
5202
5202
5201
5198
5197
5197
5195
5195
5192
5191
5190
5189
5188
5187
5186
5186
5186
5185
5184
5184
5183
5182
5180
5176
5176
5176
5174
5174
5173
5173
5172
5171
5170
5170
5170
5169
5168
5167
5167
5166
5166
5165
5164
5164
5163
5162
5162
5161
5160
5160
5159
5158
5155
5155
5154
5154
5153
5152
5150
5150
5150
5148
5148
5147
5145
5145
5144
5143
5143
5142
5141
5141
5140
5137
5136
5135
5134
5134
5132
5132
5131
5130
5130
5129
5129
5126
5126
5126
5124
5124
5124
5122
5121
5120
5120
5119
5116
5114
5112
5110
5110
5110
5108
5107
5107
5105
5104
5102
5100
5100
5098
5097
5096
5096
5093
5093
5087
5085
5083
5083
5081
5081
5079
5079
5078
5078
5078
5078
5078
5075
5074
5072
5070
5068
5067
5067
5067
5065
5065
5064
5063
5063
5061
5061
5061
5060
5059
5058
5058
5058
5058
5058
5055
5054
5054
5053
5053
5052
5052
5052
5052
5052
5051
5050
5046
5044
5043
5042
5041
5041
5039
5038
5038
5035
5034
5034
5033
5031
5031
5030
5029
5028
5027
5027
5026
5025
5024
5024
5024
5023
5022
5020
5019
5019
5017
5017
5016
5016
5016
5016
5015
5015
5012
5012
5011
5009
5003
5002
5001
5001
5000
4998
4997
4996
4995
4994
4994
4993
4992
4992
4992
4991
4990
4985
4983
4983
4983
4982
4981
4981
4981
4977
4977
4975
4974
4971
4969
4967
4967
4966
4966
4965
4965
4965
4964
4963
4962
4962
4962
4960
4960
4958
4958
4957
4956
4955
4955
4952
4951
4950
4947
4945
4944
4943
4941
4940
4940
4939
4938
4938
4936
4934
4934
4934
4933
4930
4930
4929
4928
4928
4927
4926
4926
4925
4925
4924
4924
4924
4923
4923
4922
4922
4922
4921
4920
4919
4918
4916
4915
4915
4913
4913
4911
4909
4909
4908
4906
4905
4905
4905
4905
4905
4904
4902
4900
4899
4894
4894
4893
4891
4891
4889
4888
4887
4884
4882
4880
4880
4880
4880
4878
4877
4876
4876
4874
4873
4872
4872
4872
4870
4868
4867
4866
4865
4865
4865
4865
4864
4864
4864
4863
4863
4862
4862
4861
4859
4857
4857
4856
4856
4855
4852
4852
4852
4850
4850
4850
4849
4847
4846
4845
4843
4843
4841
4836
4834
4834
4830
4829
4828
4826
4826
4825
4824
4824
4823
4822
4821
4819
4818
4817
4814
4811
4810
4810
4809
4809
4809
4808
4807
4806
4806
4805
4800
4800
4800
4799
4798
4796
4796
4795
4794
4793
4793
4793
4792
4791
4791
4790
4788
4788
4785
4783
4783
4782
4782
4782
4781
4781
4781
4779
4779
4777
4776
4775
4775
4775
4774
4774
4773
4772
4771
4770
4769
4768
4767
4766
4763
4763
4763
4762
4761
4761
4759
4758
4756
4754
4754
4751
4750
4748
4748
4747
4746
4745
4745
4745
4744
4742
4742
4740
4740
4740
4738
4738
4738
4737
4736
4735
4734
4733
4731
4729
4728
4728
4728
4727
4727
4726
4724
4723
4723
4722
4721
4721
4720
4719
4719
4718
4717
4716
4716
4715
4715
4713
4713
4713
4712
4712
4710
4710
4709
4709
4708
4708
4702
4702
4701
4701
4700
4699
4696
4696
4695
4695
4694
4693
4690
4689
4688
4687
4687
4686
4686
4686
4686
4685
4685
4681
4680
4680
4680
4680
4679
4678
4678
4677
4676
4676
4675
4672
4672
4671
4671
4670
4670
4670
4669
4669
4667
4666
4663
4662
4660
4660
4659
4658
4658
4657
4656
4655
4654
4654
4652
4651
4650
4649
4648
4646
4646
4645
4645
4644
4644
4643
4643
4643
4641
4639
4639
4638
4638
4637
4637
4636
4635
4635
4634
4634
4633
4633
4633
4631
4630
4626
4625
4625
4622
4621
4619
4619
4618
4617
4617
4616
4614
4613
4612
4611
4611
4610
4610
4609
4608
4608
4607
4607
4606
4606
4605
4604
4604
4602
4601
4600
4600
4598
4598
4597
4597
4597
4595
4595
4595
4594
4594
4593
4592
4592
4591
4591
4591
4590
4590
4590
4589
4587
4586
4584
4583
4582
4581
4581
4581
4581
4580
4580
4577
4576
4576
4575
4575
4574
4572
4571
4571
4568
4567
4567
4565
4565
4562
4562
4560
4559
4558
4558
4557
4556
4556
4554
4552
4552
4551
4550
4549
4549
4548
4548
4547
4546
4546
4545
4545
4544
4543
4541
4541
4541
4535
4533
4533
4532
4531
4530
4530
4529
4528
4524
4524
4523
4522
4521
4520
4519
4519
4518
4517
4517
4516
4514
4514
4513
4513
4513
4512
4511
4510
4509
4509
4507
4505
4505
4503
4503
4502
4502
4502
4501
4499
4498
4497
4496
4496
4495
4495
4492
4492
4490
4489
4488
4487
4486
4482
4478
4477
4475
4475
4473
4473
4473
4472
4472
4472
4471
4470
4470
4469
4469
4468
4468
4467
4467
4463
4463
4462
4462
4462
4460
4459
4455
4453
4453
4453
4450
4450
4449
4447
4446
4444
4444
4442
4440
4439
4439
4435
4435
4434
4433
4431
4431
4430
4428
4427
4426
4426
4425
4424
4423
4421
4420
4420
4419
4418
4416
4410
4410
4410
4410
4409
4409
4408
4407
4406
4406
4406
4406
4405
4405
4404
4403
4403
4403
4402
4402
4399
4399
4399
4397
4397
4395
4395
4394
4394
4393
4392
4384
4384
4384
4383
4382
4382
4382
4382
4380
4379
4377
4377
4375
4374
4372
4372
4371
4370
4368
4367
4365
4363
4360
4359
4359
4359
4356
4355
4355
4355
4354
4354
4353
4351
4350
4350
4350
4350
4349
4349
4349
4348
4346
4345
4344
4341
4341
4340
4339
4338
4336
4335
4335
4334
4332
4330
4329
4329
4329
4329
4328
4328
4326
4325
4323
4322
4322
4320
4317
4316
4314
4313
4312
4312
4310
4309
4308
4308
4307
4305
4304
4304
4301
4300
4300
4299
4289
4289
4288
4286
4286
4285
4285
4285
4285
4281
4280
4280
4277
4277
4274
4273
4271
4270
4268
4267
4267
4265
4265
4265
4265
4264
4264
4263
4263
4261
4258
4258
4257
4257
4257
4257
4256
4254
4254
4252
4251
4251
4249
4248
4247
4244
4244
4243
4243
4240
4239
4238
4236
4236
4236
4235
4235
4234
4229
4229
4227
4227
4227
4226
4225
4224
4223
4222
4218
4216
4213
4212
4212
4212
4210
4209
4208
4208
4206
4206
4205
4205
4204
4203
4200
4198
4197
4195
4193
4192
4190
4188
4188
4186
4186
4183
4182
4179
4179
4178
4178
4177
4175
4174
4169
4168
4167
4167
4165
4165
4165
4164
4162
4158
4158
4157
4157
4156
4153
4152
4150
4150
4149
4149
4146
4146
4145
4144
4144
4140
4139
4136
4131
4128
4124
4124
4123
4122
4120
4120
4119
4118
4118
4115
4114
4112
4111
4110
4110
4109
4109
4107
4106
4105
4104
4104
4104
4102
4102
4101
4101
4100
4099
4099
4098
4098
4097
4097
4095
4094
4094
4094
4093
4093
4093
4093
4092
4091
4090
4090
4089
4088
4088
4087
4084
4082
4081
4080
4079
4079
4079
4078
4078
4076
4076
4075
4075
4074
4073
4070
4070
4068
4066
4062
4060
4059
4059
4059
4058
4058
4058
4058
4057
4057
4056
4053
4053
4052
4051
4050
4049
4048
4047
4047
4045
4044
4044
4044
4044
4043
4042
4041
4041
4041
4041
4037
4036
4036
4034
4033
4033
4032
4032
4030
4030
4030
4029
4028
4024
4022
4020
4019
4019
4018
4014
4014
4011
4010
4008
4007
4006
4004
4004
4002
4001
3999
3998
3997
3996
3996
3996
3996
3993
3992
3992
3988
3987
3986
3985
3985
3985
3985
3984
3984
3983
3983
3982
3982
3982
3981
3981
3981
3980
3978
3978
3977
3976
3975
3974
3973
3972
3971
3969
3967
3967
3966
3966
3963
3963
3961
3960
3960
3959
3958
3957
3957
3956
3955
3953
3952
3949
3947
3946
3944
3940
3939
3936
3936
3931
3929
3928
3926
3925
3924
3924
3924
3919
3918
3918
3916
3916
3916
3915
3914
3912
3906
3905
3905
3904
3903
3903
3901
3899
3899
3897
3897
3897
3896
3896
3896
3896
3894
3894
3893
3892
3891
3891
3891
3890
3890
3889
3888
3887
3887
3886
3885
3884
3883
3880
3880
3879
3879
3878
3878
3877
3877
3877
3877
3876
3876
3875
3875
3874
3874
3871
3871
3869
3869
3869
3869
3868
3868
3866
3864
3863
3862
3861
3859
3857
3857
3856
3855
3854
3854
3853
3852
3851
3850
3847
3844
3843
3842
3841
3841
3841
3839
3839
3838
3837
3836
3836
3834
3833
3833
3833
3833
3832
3832
3831
3830
3830
3830
3826
3826
3826
3825
3824
3823
3823
3822
3822
3821
3820
3818
3818
3818
3813
3813
3812
3812
3811
3811
3811
3809
3807
3807
3807
3806
3805
3805
3804
3803
3803
3801
3798
3792
3792
3792
3792
3791
3791
3789
3788
3788
3788
3788
3785
3784
3784
3784
3783
3782
3782
3779
3779
3779
3778
3775
3775
3773
3772
3770
3769
3767
3766
3765
3764
3763
3763
3762
3762
3761
3761
3760
3759
3759
3759
3758
3755
3755
3754
3754
3753
3752
3751
3751
3750
3749
3748
3746
3746
3745
3743
3741
3741
3741
3740
3738
3738
3736
3735
3733
3730
3729
3727
3726
3725
3725
3725
3725
3724
3723
3721
3720
3720
3720
3719
3719
3719
3717
3717
3717
3716
3714
3714
3714
3712
3711
3711
3711
3711
3710
3709
3709
3706
3706
3704
3704
3703
3703
3702
3701
3699
3699
3696
3695
3694
3694
3692
3691
3690
3690
3687
3685
3684
3682
3681
3679
3679
3677
3677
3677
3676
3676
3675
3672
3671
3669
3669
3669
3667
3665
3665
3664
3663
3661
3661
3660
3660
3659
3658
3656
3655
3649
3649
3648
3648
3648
3646
3646
3645
3645
3643
3643
3643
3642
3641
3639
3638
3638
3636
3636
3635
3634
3634
3633
3632
3632
3632
3629
3628
3628
3627
3627
3625
3625
3624
3623
3623
3623
3621
3619
3619
3618
3618
3615
3614
3613
3612
3610
3609
3605
3604
3604
3603
3603
3603
3600
3599
3598
3596
3596
3594
3593
3592
3592
3592
3591
3591
3590
3588
3588
3587
3585
3585
3583
3583
3582
3582
3581
3577
3576
3575
3574
3573
3572
3572
3571
3571
3570
3569
3566
3566
3565
3565
3565
3563
3562
3562
3562
3561
3560
3559
3559
3559
3559
3558
3557
3556
3555
3555
3554
3553
3553
3552
3552
3550
3548
3548
3547
3547
3547
3546
3546
3546
3543
3542
3542
3542
3541
3540
3540
3540
3539
3538
3538
3537
3537
3536
3534
3533
3533
3533
3532
3532
3532
3532
3532
3531
3531
3530
3529
3528
3528
3528
3527
3526
3526
3525
3525
3524
3523
3519
3518
3517
3514
3513
3513
3512
3511
3511
3510
3509
3508
3504
3503
3503
3502
3501
3501
3500
3499
3498
3497
3495
3495
3494
3494
3493
3493
3492
3492
3491
3491
3490
3489
3484
3481
3479
3476
3476
3476
3476
3475
3475
3471
3467
3465
3464
3463
3463
3462
3460
3458
3458
3457
3457
3457
3457
3456
3454
3453
3453
3451
3451
3450
3449
3448
3447
3447
3444
3442
3439
3438
3438
3437
3436
3434
3433
3433
3433
3428
3427
3426
3425
3425
3424
3424
3423
3421
3420
3419
3419
3416
3415
3415
3415
3413
3413
3413
3412
3412
3412
3412
3407
3407
3404
3404
3403
3402
3402
3397
3397
3394
3394
3393
3393
3392
3391
3390
3389
3389
3388
3388
3386
3386
3386
3386
3385
3385
3384
3382
3382
3379
3377
3375
3374
3373
3373
3371
3371
3370
3369
3368
3368
3367
3364
3363
3361
3361
3359
3359
3357
3357
3356
3355
3354
3352
3349
3348
3347
3346
3346
3346
3346
3345
3345
3345
3345
3344
3344
3342
3340
3339
3337
3336
3336
3334
3331
3330
3330
3329
3329
3328
3327
3326
3325
3322
3321
3320
3318
3315
3315
3314
3312
3312
3310
3310
3309
3308
3307
3305
3304
3304
3304
3303
3303
3302
3298
3298
3297
3295
3295
3295
3292
3292
3291
3290
3288
3288
3285
3284
3282
3282
3281
3279
3278
3278
3278
3277
3271
3270
3270
3269
3269
3266
3265
3265
3265
3264
3264
3263
3263
3263
3261
3261
3261
3260
3259
3259
3258
3255
3251
3250
3248
3248
3247
3246
3245
3245
3244
3243
3243
3243
3242
3240
3239
3238
3237
3237
3237
3236
3236
3235
3235
3234
3234
3233
3233
3232
3232
3231
3230
3230
3230
3229
3229
3228
3228
3227
3226
3225
3225
3223
3221
3221
3220
3220
3218
3217
3216
3216
3215
3211
3211
3209
3207
3206
3206
3205
3205
3204
3202
3202
3202
3201
3197
3195
3195
3191
3191
3191
3187
3186
3186
3183
3182
3181
3181
3181
3180
3179
3177
3176
3175
3175
3174
3172
3171
3170
3169
3168
3167
3166
3165
3164
3163
3163
3160
3158
3156
3156
3155
3154
3154
3154
3152
3151
3150
3149
3149
3149
3148
3146
3146
3146
3145
3145
3145
3143
3143
3141
3141
3140
3139
3139
3137
3136
3136
3134
3134
3133
3125
3125
3124
3124
3123
3119
3118
3116
3114
3113
3113
3107
3105
3103
3101
3100
3099
3095
3095
3094
3093
3091
3091
3091
3091
3090
3090
3089
3088
3088
3087
3086
3083
3083
3083
3083
3081
3080
3080
3079
3078
3077
3077
3076
3075
3075
3074
3073
3072
3070
3070
3070
3069
3068
3067
3067
3066
3062
3061
3060
3059
3058
3056
3054
3053
3053
3052
3052
3052
3051
3048
3047
3046
3043
3043
3042
3042
3039
3038
3038
3038
3038
3038
3037
3036
3035
3034
3034
3033
3032
3031
3031
3031
3029
3028
3027
3027
3027
3026
3026
3026
3025
3023
3023
3022
3020
3020
3019
3018
3018
3018
3018
3018
3013
3012
3011
3007
3005
3005
3004
3003
3003
3002
3002
3002
3001
2995
2995
2995
2995
2992
2991
2991
2990
2989
2988
2986
2986
2986
2985
2985
2985
2983
2983
2982
2977
2976
2976
2975
2974
2972
2972
2969
2969
2968
2967
2967
2965
2964
2963
2962
2962
2962
2961
2960
2960
2958
2953
2952
2951
2950
2948
2946
2943
2943
2942
2940
2938
2937
2936
2935
2935
2934
2934
2932
2931
2931
2930
2930
2930
2929
2928
2928
2927
2923
2922
2922
2921
2921
2918
2917
2916
2916
2915
2914
2914
2911
2911
2909
2907
2906
2906
2906
2906
2906
2905
2904
2903
2901
2900
2900
2900
2900
2898
2896
2896
2895
2895
2894
2893
2892
2891
2890
2889
2887
2887
2886
2886
2882
2881
2880
2879
2878
2877
2876
2876
2875
2874
2873
2873
2870
2869
2869
2868
2868
2867
2866
2864
2864
2863
2863
2863
2863
2862
2861
2860
2860
2860
2859
2857
2857
2855
2854
2853
2853
2852
2850
2848
2848
2848
2844
2844
2843
2842
2840
2839
2838
2834
2834
2833
2833
2832
2829
2829
2828
2827
2826
2823
2823
2822
2820
2820
2820
2819
2817
2815
2814
2813
2810
2809
2809
2809
2808
2807
2807
2806
2805
2804
2804
2802
2801
2800
2800
2800
2800
2799
2796
2796
2795
2795
2795
2794
2794
2793
2793
2792
2791
2791
2789
2788
2788
2787
2787
2784
2784
2783
2782
2782
2782
2782
2781
2781
2781
2779
2778
2777
2774
2771
2770
2769
2769
2767
2766
2766
2765
2764
2764
2763
2763
2762
2762
2761
2760
2759
2758
2758
2757
2756
2755
2755
2754
2753
2752
2752
2752
2750
2748
2747
2747
2746
2746
2746
2744
2743
2741
2737
2737
2735
2734
2734
2732
2732
2732
2731
2731
2730
2727
2724
2723
2722
2721
2721
2719
2716
2714
2714
2712
2711
2707
2706
2705
2705
2701
2698
2696
2695
2692
2691
2688
2686
2685
2684
2684
2684
2684
2683
2682
2682
2682
2681
2676
2675
2674
2674
2674
2673
2672
2672
2672
2670
2670
2669
2669
2668
2668
2666
2664
2663
2662
2662
2660
2658
2658
2658
2657
2655
2655
2654
2654
2653
2653
2653
2651
2651
2651
2651
2650
2648
2648
2646
2645
2645
2644
2643
2643
2642
2641
2639
2638
2638
2638
2637
2636
2636
2635
2634
2634
2634
2633
2633
2632
2628
2628
2628
2627
2624
2623
2622
2621
2620
2619
2618
2617
2616
2615
2614
2612
2610
2610
2609
2607
2605
2605
2604
2603
2602
2602
2602
2600
2595
2595
2594
2594
2593
2592
2592
2591
2590
2589
2588
2587
2585
2584
2584
2581
2577
2576
2574
2574
2571
2569
2566
2565
2563
2562
2561
2560
2559
2559
2559
2558
2558
2558
2557
2556
2555
2555
2555
2554
2552
2550
2550
2548
2547
2545
2545
2545
2544
2544
2543
2543
2543
2542
2541
2541
2538
2538
2536
2531
2530
2528
2528
2528
2527
2526
2526
2526
2526
2525
2522
2522
2521
2521
2520
2519
2519
2518
2518
2517
2517
2517
2516
2515
2515
2515
2514
2514
2513
2512
2512
2512
2512
2510
2510
2510
2508
2508
2508
2507
2506
2506
2505
2503
2503
2501
2500
2500
2500
2498
2498
2497
2497
2496
2495
2492
2489
2489
2488
2486
2486
2484
2483
2483
2483
2483
2482
2481
2481
2479
2477
2476
2474
2473
2472
2471
2471
2470
2470
2465
2464
2464
2463
2462
2462
2461
2458
2458
2458
2457
2455
2455
2455
2452
2452
2452
2450
2450
2447
2447
2447
2444
2442
2440
2439
2435
2435
2435
2433
2430
2429
2429
2428
2427
2426
2426
2422
2418
2417
2417
2416
2415
2414
2414
2413
2412
2411
2408
2408
2408
2406
2405
2404
2403
2401
2401
2400
2400
2399
2397
2397
2395
2390
2390
2389
2388
2386
2386
2383
2383
2382
2382
2382
2380
2379
2378
2377
2377
2377
2374
2374
2373
2372
2370
2366
2365
2364
2364
2362
2361
2360
2360
2360
2360
2359
2356
2355
2353
2351
2351
2351
2349
2349
2349
2348
2348
2347
2347
2347
2343
2343
2339
2337
2336
2336
2335
2334
2334
2333
2332
2331
2329
2329
2328
2325
2324
2323
2322
2318
2317
2316
2316
2314
2312
2312
2309
2307
2305
2305
2305
2305
2304
2301
2301
2300
2300
2299
2299
2298
2298
2296
2296
2295
2292
2291
2291
2289
2286
2283
2283
2282
2282
2281
2280
2279
2277
2277
2277
2275
2275
2275
2273
2271
2268
2267
2263
2261
2261
2260
2258
2257
2256
2256
2255
2255
2254
2253
2252
2252
2251
2251
2249
2248
2247
2246
2244
2244
2243
2241
2240
2240
2236
2235
2234
2233
2231
2231
2230
2230
2230
2229
2229
2229
2227
2225
2225
2224
2223
2222
2219
2216
2216
2214
2211
2211
2211
2211
2210
2210
2210
2210
2208
2205
2204
2204
2202
2200
2199
2199
2198
2198
2197
2196
2196
2193
2193
2193
2192
2191
2190
2190
2187
2187
2186
2186
2184
2183
2182
2182
2180
2179
2178
2177
2177
2176
2176
2176
2174
2173
2173
2172
2171
2171
2171
2167
2166
2165
2165
2164
2164
2162
2161
2158
2158
2158
2158
2157
2155
2154
2153
2152
2152
2151
2148
2148
2147
2147
2146
2144
2143
2142
2142
2141
2140
2139
2137
2137
2134
2132
2130
2130
2130
2130
2129
2128
2127
2126
2125
2124
2123
2122
2122
2122
2119
2118
2118
2118
2116
2114
2114
2112
2112
2111
2111
2111
2109
2109
2108
2106
2106
2106
2106
2101
2101
2100
2099
2098
2097
2097
2097
2096
2096
2095
2095
2094
2093
2093
2092
2090
2089
2088
2087
2087
2084
2082
2082
2081
2081
2079
2079
2079
2079
2078
2078
2076
2074
2072
2072
2072
2070
2066
2066
2065
2065
2063
2062
2062
2060
2059
2059
2059
2057
2055
2053
2052
2051
2051
2050
2049
2046
2044
2043
2042
2039
2036
2035
2033
2033
2031
2031
2026
2025
2025
2024
2024
2024
2024
2024
2024
2024
2023
2023
2023
2023
2023
2023
2023
2023
2022
2021
2021
2021
2019
2017
2017
2014
2014
2013
2013
2011
2011
2010
2009
2009
2009
2008
2007
2005
2004
2004
2002
2001
2001
2000
2000
1997
1993
1992
1988
1988
1988
1987
1986
1986
1985
1985
1984
1983
1983
1982
1982
1982
1981
1981
1981
1980
1980
1980
1979
1979
1979
1976
1974
1971
1970
1970
1970
1970
1969
1966
1965
1965
1964
1964
1964
1963
1962
1959
1958
1956
1956
1956
1955
1955
1955
1954
1954
1953
1951
1951
1948
1948
1947
1946
1944
1943
1942
1941
1940
1940
1939
1939
1939
1939
1938
1937
1936
1935
1934
1933
1933
1933
1933
1932
1932
1931
1930
1930
1929
1928
1927
1927
1925
1922
1922
1921
1920
1919
1918
1918
1917
1916
1914
1908
1907
1907
1907
1906
1905
1903
1902
1902
1901
1900
1898
1898
1897
1896
1895
1894
1893
1893
1893
1892
1892
1891
1889
1889
1888
1888
1888
1887
1886
1884
1884
1883
1881
1880
1880
1879
1878
1877
1875
1873
1873
1871
1870
1870
1867
1867
1867
1866
1865
1863
1862
1861
1860
1860
1860
1857
1855
1854
1852
1852
1852
1851
1851
1850
1850
1847
1845
1843
1842
1840
1840
1838
1838
1836
1835
1835
1833
1833
1833
1833
1831
1830
1830
1829
1828
1828
1826
1824
1824
1824
1824
1823
1823
1822
1822
1821
1821
1820
1820
1819
1819
1819
1818
1817
1817
1814
1811
1806
1803
1800
1799
1799
1799
1799
1795
1794
1788
1787
1786
1786
1786
1786
1785
1784
1782
1781
1780
1779
1777
1777
1773
1773
1772
1772
1769
1769
1769
1769
1769
1769
1768
1767
1765
1764
1762
1762
1761
1760
1760
1759
1757
1757
1757
1756
1754
1754
1754
1754
1753
1752
1751
1750
1749
1744
1743
1741
1740
1739
1739
1738
1737
1733
1733
1730
1730
1729
1727
1726
1725
1723
1722
1722
1720
1720
1716
1715
1715
1715
1715
1714
1713
1712
1711
1709
1704
1703
1698
1698
1697
1696
1696
1696
1694
1694
1693
1692
1691
1691
1688
1687
1687
1687
1685
1684
1683
1682
1681
1679
1679
1679
1678
1678
1678
1677
1676
1676
1675
1673
1673
1672
1671
1671
1669
1667
1667
1666
1666
1666
1664
1664
1664
1662
1661
1661
1661
1659
1657
1657
1656
1656
1655
1655
1653
1652
1651
1650
1650
1648
1645
1642
1642
1642
1640
1638
1637
1637
1635
1635
1632
1631
1629
1627
1626
1625
1624
1623
1621
1620
1619
1618
1618
1618
1616
1615
1612
1611
1611
1610
1610
1610
1609
1608
1607
1607
1606
1605
1604
1603
1600
1599
1599
1598
1598
1595
1594
1593
1593
1593
1593
1591
1588
1586
1586
1585
1585
1584
1582
1580
1579
1576
1576
1575
1575
1574
1572
1570
1569
1567
1566
1562
1562
1562
1561
1555
1553
1552
1551
1550
1550
1550
1549
1547
1547
1546
1544
1544
1543
1542
1541
1541
1540
1540
1536
1536
1534
1532
1529
1528
1527
1527
1524
1523
1520
1519
1518
1518
1518
1517
1513
1512
1511
1511
1510
1510
1508
1508
1507
1507
1506
1506
1505
1502
1501
1500
1499
1499
1496
1495
1495
1495
1495
1494
1492
1490
1485
1485
1485
1484
1483
1481
1480
1480
1479
1479
1477
1475
1474
1474
1474
1472
1472
1472
1471
1469
1469
1469
1467
1466
1466
1465
1464
1464
1464
1463
1463
1462
1461
1460
1460
1458
1454
1453
1453
1449
1449
1448
1447
1446
1445
1445
1443
1442
1441
1438
1437
1433
1432
1432
1431
1430
1429
1427
1425
1424
1424
1423
1422
1421
1421
1417
1416
1416
1412
1411
1410
1409
1407
1406
1406
1404
1403
1403
1402
1402
1402
1401
1399
1397
1395
1395
1394
1393
1392
1392
1391
1391
1390
1390
1386
1386
1386
1384
1384
1383
1382
1382
1381
1381
1378
1376
1376
1376
1376
1375
1374
1373
1369
1368
1368
1367
1367
1366
1366
1366
1366
1365
1365
1364
1363
1361
1361
1360
1360
1359
1359
1358
1358
1355
1355
1352
1350
1347
1347
1346
1345
1345
1344
1343
1343
1342
1340
1340
1339
1337
1337
1336
1334
1334
1333
1332
1332
1331
1330
1329
1329
1327
1327
1326
1325
1320
1319
1319
1317
1317
1313
1313
1311
1309
1309
1309
1309
1308
1307
1307
1307
1304
1304
1303
1303
1301
1301
1300
1300
1300
1299
1299
1298
1295
1295
1293
1289
1289
1289
1288
1288
1288
1287
1286
1285
1285
1285
1284
1283
1283
1283
1283
1281
1279
1277
1276
1274
1273
1268
1266
1265
1264
1264
1262
1262
1262
1262
1262
1260
1260
1258
1258
1257
1257
1257
1256
1254
1250
1250
1250
1249
1247
1246
1245
1245
1243
1242
1240
1239
1238
1237
1237
1237
1236
1236
1235
1234
1233
1232
1232
1231
1231
1231
1230
1228
1227
1227
1226
1224
1222
1222
1219
1219
1219
1218
1218
1216
1216
1215
1211
1211
1210
1210
1209
1209
1209
1208
1208
1208
1204
1202
1202
1201
1200
1200
1200
1200
1199
1198
1197
1196
1195
1193
1192
1190
1187
1186
1185
1185
1184
1183
1181
1181
1180
1180
1179
1179
1175
1175
1175
1174
1173
1172
1170
1169
1168
1168
1167
1166
1166
1166
1165
1165
1164
1161
1160
1159
1159
1158
1158
1156
1156
1155
1153
1152
1151
1150
1148
1147
1146
1146
1146
1145
1145
1144
1141
1141
1139
1139
1139
1139
1138
1137
1137
1135
1135
1135
1134
1132
1132
1131
1130
1127
1126
1126
1122
1122
1122
1122
1119
1118
1118
1117
1116
1116
1114
1114
1114
1113
1113
1113
1112
1112
1109
1108
1106
1104
1103
1103
1099
1097
1096
1095
1094
1093
1091
1089
1089
1089
1087
1087
1086
1086
1086
1086
1085
1085
1085
1085
1084
1084
1083
1082
1082
1082
1081
1078
1078
1078
1076
1074
1074
1074
1074
1073
1072
1070
1068
1067
1067
1066
1066
1066
1066
1065
1063
1062
1062
1061
1061
1059
1059
1059
1057
1057
1057
1057
1057
1056
1055
1054
1054
1054
1054
1054
1053
1052
1052
1051
1050
1050
1050
1049
1049
1047
1047
1047
1045
1043
1042
1040
1036
1036
1036
1033
1033
1032
1032
1032
1031
1030
1028
1026
1025
1024
1023
1022
1019
1018
1017
1017
1017
1015
1015
1014
1013
1011
1011
1011
1009
1005
1004
1003
1003
1001
999
999
999
999
999
994
994
994
991
991
990
990
988
988
987
985
985
984
983
983
983
982
979
975
974
974
972
971
971
970
968
967
964
964
963
962
961
961
960
956
953
953
952
952
946
946
945
944
944
943
943
940
939
938
938
938
937
936
935
934
932
932
931
930
928
927
927
926
925
924
924
924
924
923
922
920
920
916
916
916
915
913
912
911
911
910
910
910
910
907
906
904
903
902
899
898
897
896
895
895
895
894
894
893
892
891
890
890
888
888
888
884
881
881
880
879
879
877
877
876
875
875
874
872
872
871
870
868
868
868
866
865
863
862
862
862
860
860
860
859
858
856
856
855
855
853
852
852
851
851
848
847
847
846
843
843
842
841
840
840
838
834
832
831
828
828
825
823
822
821
819
818
817
817
816
815
813
812
810
809
807
806
802
801
801
800
798
797
795
793
793
792
792
792
792
791
791
791
790
789
788
787
786
786
785
785
783
782
782
781
779
777
777
776
775
774
773
773
769
768
767
766
765
764
762
762
760
760
760
759
756
755
754
753
753
753
746
745
744
744
741
740
740
739
739
739
738
738
738
737
736
736
736
735
734
734
733
733
733
732
732
731
730
726
726
724
720
719
719
719
718
717
715
713
712
712
711
711
710
710
707
706
706
706
706
702
701
700
700
700
699
699
698
698
698
697
696
695
694
691
690
690
688
687
686
684
682
682
681
681
679
679
678
676
675
674
673
672
669
668
668
667
667
664
663
663
661
661
658
658
656
656
655
653
652
651
650
650
649
648
648
648
648
648
647
647
646
646
645
645
645
645
644
643
640
638
635
635
633
633
632
632
632
630
630
628
628
627
627
627
625
625
625
625
619
618
617
617
617
615
615
610
610
608
607
607
605
605
605
604
604
604
602
601
600
599
599
598
595
593
593
592
592
591
589
589
588
585
584
582
581
581
580
579
579
577
576
576
575
575
574
569
568
567
565
564
562
562
561
558
555
554
552
550
548
547
547
546
545
545
545
544
544
543
542
542
540
540
539
539
538
537
536
535
534
533
533
530
530
529
529
529
529
526
526
525
523
522
522
522
521
520
520
519
519
517
516
510
509
508
508
508
506
506
505
504
501
500
500
499
498
496
496
496
496
495
494
491
491
490
490
489
488
486
484
484
484
481
479
478
478
477
477
475
475
473
473
472
472
471
471
469
467
466
465
465
462
462
460
460
460
458
458
457
456
456
454
451
450
449
448
448
446
446
444
444
443
440
440
439
438
437
437
436
436
434
431
431
429
428
428
428
428
426
426
425
423
423
422
419
418
418
418
417
417
416
415
414
414
413
413
412
411
410
410
410
410
409
408
408
407
406
405
404
403
402
401
401
401
401
400
400
399
399
398
397
397
396
395
393
393
392
390
389
389
387
387
386
386
386
385
384
382
382
382
381
379
377
377
376
373
371
371
369
367
366
366
366
363
363
363
363
362
362
360
356
356
355
354
351
348
348
347
347
346
345
344
344
344
344
343
342
341
339
337
336
336
334
334
334
333
333
333
329
327
325
325
324
324
323
323
322
321
321
320
317
317
316
316
314
314
313
312
312
310
309
307
303
303
303
301
301
298
295
294
294
293
292
291
290
289
289
287
287
286
285
285
284
283
283
283
282
282
282
282
281
281
281
281
279
278
277
275
274
273
272
272
270
270
269
266
265
263
263
262
262
262
262
262
261
261
261
261
258
257
255
252
252
250
246
246
246
245
245
244
244
244
243
243
242
241
240
240
240
239
239
237
237
236
236
236
236
233
233
231
230
230
229
229
229
225
225
224
223
222
221
221
220
219
219
219
218
217
216
216
216
215
214
214
214
214
213
213
213
207
207
206
203
201
200
200
200
199
195
195
195
195
195
194
194
194
194
192
190
188
187
186
186
186
185
184
181
181
178
176
175
175
174
172
167
164
162
161
159
159
158
158
157
154
154
154
154
153
153
152
152
150
149
147
147
145
144
143
142
141
141
140
140
138
137
136
136
135
135
135
132
132
131
131
131
128
128
127
126
125
125
124
124
124
124
123
123
121
121
119
113
112
110
110
109
108
107
107
106
105
104
102
102
101
100
99
98
98
97
92
91
89
89
89
89
88
86
83
83
82
82
79
78
76
76
76
75
75
75
74
72
70
69
69
69
67
67
66
65
65
65
64
63
63
61
61
61
58
56
55
55
54
53
52
51
51
49
49
46
40
39
39
37
37
33
33
32
32
31
29
28
28
27
26
25
25
24
23
23
22
22
21
18
18
15
15
15
14
14
12
11
10
10
9
8
8
7
7
7
6
2
